7357
17051
28756
43030
62676
76642
93566
111801
126763
143403
159817
172506
184387
215529
237991
248088
263525
296581
306808
344809
380147
396379
445632
482981
498888
546678
599789
636924
655384
691535
738970
771602
789538
839106
857780
878820
903869
922542
954137
970770
992788
1025378
1036572
1046036
1062893
1077530
1092211
1111916
1133973
1165937
1183766
1203393
1216203
1225884
1268197
1286247
1298746
1328087
1351623
1372367
1400719
1486032
1515758
1535538
1553441
1566722
1579368
1604876
1628683
1652258
1673697
1700491
1714513
1730110
1775950
1808085
1851433
1862014
1877453
1907852
1938044
1956546
1971231
2030150
2067117
2152476
2168978
2207366
2221339
2260422
2302677
2347005
2364990
2405970
2434198
2450457
2481974
2502495
2521066
2538817
2553178
2589613
2681711
2699057
2717314
2747076
2768825
2787999
2808870
2851197
2877573
2900377
2917315
2952054
2988714
3007880
3022839
3038254
3068762
3083637
3117589
3140623
3158858
3184496
3216858
3249664
3282919
3301283
3331986
3354849
3374699
3385277
3413507
3463778
3480486
3496040
3541535
3575770
3586714
3606239
3644554
3660295
3688157
3745519
3787414
3828305
3848041
3856643
3880013
3897874
3935395
3957939
3967834
3985724
4003573
4024938
4045047
4060786
4087891
4118037
4132258
4150980
4161292
4174099
4244755
4282141
4295155
4321317
4345506
4362593
4391565
4415404
4433508
4467421
4502871
4519811
4536503
4618703
4664110
4676218
4693375
4713493
4734078
4750653
4791602
4839274
4857694
4931977
4957231
4988039
5003678
5036855
5046123
5061706
5089032
5107068
5189798
5227844
5267495
5285167
5312087
5330826
5344182
5378579
5394778
5409396
5423982
5440828
5465911
5484309
5505696
5532512
5556257
5617765
5664173
5694093
5721684
5802307
5823927
5857739
5890814
5954964
5994617
6021963
6041211
6060943
6081055
6089822
6151978
6210683
6252213
6314216
6359855
6444997
6483804
6552576
6584091
6640828
6651743
6671820
6709602
6719887
6730230
6759210
6771726
6793614
6862187
6912658
6955788
7034717
7056757
7090967
7104484
7169865
7210095
7272747
7301410
7340707
7394015
7469133
7512852
7543526
7575918
7595184
7664707
7706418
7759831
7806842
7827191
7849265
7872617
7901881
7945034
7991493
8020788
8079105
8095163
8122291
8141179
8160439
8179925
8196487
8379150
8424811
8461197
8497880
8558209