7417
18158
28232
43138
73717
85906
104529
171768
190527
211807
235976
255840
269240
306670
341212
384690
403395
416951
444687
479559
518682
543275
560003
582060
605618
621317
667694
697154
736487
760664
795866
815808
830713
846941
859709
888109
928953
981375
1001040
1038892
1059096
1086744
1106356
1116686
1144772
1180924
1191899
1223573
1234390
1308836
1333793
1350347
1381889
1398856
1407904
1458023
1477102
1494558
1503981
1522078
1531877
1588676
1608636
1621035
1670114
1712441
1754321
1775328
1796296
1817295
1830831
1847304
1882589
1940638
1955804
2008274
2020852
2069521
2115289
2154248
2179441
2241521
2254075
2274041
2321513
2337152
2373447
2392975
2405502
2420334
2449831
2481373
2506813
2546763
2560988
2577652
2593598
2627138
2642625
2671161
2693504
2717800
2737264
2798310
2823358
2848588
2876413
2889756
2904468
2917388
2951851
2972106
3032978
3059009
3081376
3099168
3127191
3163049
3208175
3258727
3289645
3305221
3326997
3343533
3366068
3395442
3418043
3435139
3448738
3473234
3494641
3505577
3514682
3533576
3559232
3593648
3620614
3636894
3648949
3664382
3700550
3711124
3730068
3749428
3787746
3819075
3858178
3889041
3904657
3928535
3938032
3964520
4034341
4079124
4193106
4219202
4280560
4299431
4309486
4348342
4375589
4399676
4420284
4435532
4471179
4501915
4515737
4558856
4581040
4601792
4636175
4652406
4674623
4696621
4721677
4743284
4770589
4787284
4817587
4862818
4905401
4940304
4954096
4999655
5018783
5056806
5104149
5140348
5176356
5190946
5207763
5243649
5262650
5296328
5315663
5386047
5396180
5411251
5441827
5491386
5508401