7035
52211
76540
108470
132070
150643
208397
234742
249783
266521
282249
376859
484872
509956
526535
556543
574685
602264
630830
683706
707900
721407
745164
846235
901760
990904
1007899
1021766
1033356
1074587
1089927
1106594
1139619
1165920
1222625
1256675
1294009
1315302
1339390
1357363
1372882
1389655
1403629
1472310
1487620
1499667
1541734
1581660
1605028
1620544
1632014
1653597
1666160
1675564
1705286
1718791
1744205
1774106
1805722
1841249
1886121
1902458
1936062
1954661
1983976
2017896
2046924
2056242
2062663
2090730
2097513
2111475
2129500
2149447
2170291
2212593
2239102
2294948
2341037
2369074
2382989
2414665
2430905
2464146
2487454
2514074
2532257
2551079
2572892
2607152
2648560
2689885
2773678
2799450
2855364
2893734
2904685
2950984
2966773
2979200
3012613
3036471
3131350
3156393
3181239
3207211
3215398
3231727
3252691
3283979
3298742
3312715
3332562
3382773
3412552
3441465
3464105
3481192
3494695
3530651
3539818
3550242
3578944
3604547
3624933
3645141
3657728
3721519
3759138
3788625
3802860
3836722
3847193
3862853
3880417
3932022
3971224
3995962
4003981
4027241
4065428
4118343
4148791
4176989
4203467
4215198
4243732
4258013
4273463
4290408
4323092
4336517
4357613
4407042
4426353
4454022
4461303
4496311
4506504
4520815
4536565
4552890
4591230
4636049
4653353
4671895
4693537
4705466
4717086
4730719
4759294
4820509
4847421
4881250
4901065
4925407
4988185