6819
38546
111399
189062
231669
291876
398065
425634
476071
490424
505439
539335
610174
660459
701156
746427
777601
823592
871640
922927
951453
976805
1008476
1038412
1062538
1077563
1096018
1126385
1148850
1172745
1183793
1211928
1283398
1335357
1353484
1371820
1403995
1420307
1443099
1463482
1489073
1569376
1606416
1629406
1685365
1733708
1773884
1800043
1878073
1927928
1942704
1983070
2019695
2044297
2107663
2124230
2137565
2170630
2186717
2229308
2269795
2289867
2305522
2322458
2386864
2404880
2440047
2472207
2511661
2538765
2572539
2599732
2640234
2671746
2683938
2715345
2731216
2770983
2791503
2807319
2828495
2850206
2888934
2915397
2932102
2952549
2966212
2987459
3006586
3070713
3094120
3127423
3145991
3183600
3228022
3304517
3326676
3357859
3370298
3383483
3404187
3440310
3452357
3485348
3514512
3542243
3607137
3665280
3693984
3712304
3782126
3799054
3827269
3846108
3880603
3906298
3954771
3990322
4007265
4036888
4050136