6946
24669
60412
73236
87152
106265
166384
193303
213630
227069
244168
256606
291029
303586
331737
343062
356703
380478
390471
445965
468812
487083
507946
525806
544930
593689
610143
629901
648262
660407
685968
728065
751424
779349
814601
871723
891279
919499
959826
989634
1009600
1028427
1062830
1091204
1134743
1148289
1178120
1194268
1213904
1227037
1277369
1314543
1360104
1390629
1443690
1454729
1485113
1514332
1533629
1574232
1625454
1654263
1671981
1704182
1720364
1762781
1775810
1785876
1818024
1836989
1909926
1962964
1978361
2012255
2033178
2048433
2071748
2101743
2134718
2152532
2202807
2235574
2255273
2283700
2320035
2333140
2348659
2367748
2388721
2419623
2441782
2511099
2544420
2620077
2668210
2695344
2713489
2734299
2760268
2853330
2878894
2908085
2930617
2941877
2966969
2982001
2999200
3023033
3064393
3098962
3118397
3160634
3193008
3212181
3246256
3261659
3286932
3301388
3317854
3356115
3373849
3405706
3450366
3470405
3513893
3553194
3568448
3583389
3640147
3652089
3708852
3721132
3737242
3774113
3787873
3812675
3854959
3883195
3937065
3978976
4005900
4059977
4082379
4120713
4182130
4232817
4271642
4287718
4338374
4349481
4399329
4462286
4501719
4524696
4556697
4570283
4594999
4645392
4692282
4718785
4742926
4767653
4779514
4788809
4825783
4855876