6963
19649
37153
60947
77718
98679
109970
123523
138711
156967
173213
207895
226271
241453
250272
257638
269095
290846
306958
326022
368928
379105
420886
436574
450031
458924
485114
526170
554118
572804
596153
615841
645582
677518
694094
723040
740389
797026
861692
878641
915507
933265
960166
1012437
1051952
1066797
1092341
1109387
1132042
1155961
1184208
1209546
1225094
1284086
1326357
1338708
1356415
1402641
1422317
1453143
1464905
1477448
1489956
1510702
1530123
1546771
1565752
1578149
1586789
1631213
1653669
1707380
1725457
1773316
1823392
1851573
1866788
1885763
1894332
1910710
1926528
1945738
1968057
1979637
1992493
2043193
2074627
2106925
2134606
2182371
2197001
2205541
2222046
2239421
2265311
2304910
2336319
2351809
2366158
2377120
2401032
2431603
2446940
2469215
2481154
2507152
2524320
2533358
2544422
2555487
2566018
2577970
2584097
2601494
2609998
2629546
2648445
2662375
2670071
2678276
2683829
2693020
2698593
2722881
2739946
2753857
2782813
2811594
2844928
2872360
2887945
2922128
2934732
2958902
2995265
3010820
3028301
3074332
3108760
3125809
3136786
3168932
3200721
3257394
3279605
3311392
3359041
3378542
3407962
3430817
3486423
3499767
3520705
3541124
3560338
3622663
3675790
3757059
3809765
3824525
3896083
3926490
3948119
3985287
4012163
4039484
4053044
4082881
4114239
4174007
4189916
4228510
4276857
4305203
4315125
4340715
4383313
4399795
4414888
4460838
4485702
4500953
4514562
4522428
4540113
4579262
4592909
4652458
4693244
0
0
0
0
0
0
0
0
0
0
0
0
0
0
0
0
0
0