6852
43306
77776
90863
112729
131514
149277
189993
200729
221420
248061
306542
336280
359917
371809
392465
429877
462222
472194
512362
533304
544995
563720
579165
631053
655232
691534
713807
738785
769934
789883
827449
862307
879534
914146
937857
981702
1011358
1033279
1057882
1075713
1144916
1203253
1232091
1260513
1282845
1302696
1332417
1396153
1424700
1446046
1459495
1484016
1515521
1549739
1566506
1583660
1600286
1627910
1641856
1691229
1710150
1735698
1766880
1782122
1830431
1878154
1905333
1920893
1939856
1990397
2009031
2087804
2110630
2143375
2179770