0
19931
42279
91767
131928
168903
193433
236692
262990
286568
304640
327474
366453
401054
420759
439864
472229
502709
549355
587172
618207
637789
655232
708170
775213
813081
841336
860603
906964
945615
983153
1035101
1057109
1076168
1133395
1161085
1218952
1273349
1309678
1334159
1393099
1420532
1455671
1471671
1495212
1515165
1536850
1563432
1582319
1606048
1632188
1650939
1697761
1716003
1752550
1778848
1797143
1810728
1830433
1866756
1904670
1937433
1956010
1980612
2007398
2031736
2060881
2091876
2115301
2170449
2210403
2251870
2284623
2304305
2357978
2376526
2393024
2412006
2428260
2453588
2482329
2526530
2541581
2573814
2595864
2617032
2638129
2650914
2674151
2691141
2712192
2740625
2772866
2796626
2828873
2854067
2869183
2890544
2914617
2950399
2988942
3015591
3038243
3057799
3076185
3097102
3113405
3146164
3171493
3197817
3217210
3268447
3297104
3322177
3351694
3372623
3394957
3424705
3465600
3477662
3534377
3560828
3596598
3620556
3648366
3664165
3681198
3710456
3729880
3746515