7148
20572
53131
85349
119573
148410
165416
184678
195260
215293
234840
257245
298390
321281
336163
380580
402992
419043
456840
480918
513375
545240
617381
660811
747147
763765
785190
827788
857572
871975
891991
923630
936668
949066
971685
1008669
1030722
1052244
1072203
1094287
1109118
1133724
1150570
1168763
1184462
1209268
1228577
1245491
1255774
1287041
1300520
1321049
1335401
1355736
1379752
1403261
1410313
1441700
1455315
1490423
1511977
1557368
1571471
1578732
1596715
1611717
1643991
1662145
1689790
1699896
1716451
1768573
1784999
1814224
1840654
1859954
1877626
1893605
1915158
1923955
1942049
1963103
1972658
2005023
2026636
2038736
2046783
2071678
2112152
2128325
2196743
2210305
2229123
2261089
2293405
2305662
2315705
2327275
2356587
2376287
2390359
2406577
2430056
2445009
2487844
2499645
2517904
2550318
2586992
2600360