7339
24355
39340
86174
95392
123403
148023
187007
214556
232331
255391
272194
313184
343271
366031
381766
400371
449405
479128
495130
526530
541519
550523
578409
597537
610550
624404
658883
688170
718793
733759
804422
823069
842300
866306
883888
902400
919433
944132
959270
1005283
1020819
1047685
1074716
1100403
1118635
1149327
1171693
1204036
1245031
1266540
1282593
1314096
1333517
1361989
1374726
1403401
1432429
1454305
1470098
1494128
1538358
1584534
1620617
1651133
1665756
1691085
1701474
1717633
1741878
1765461
1784208
1801255
1822387
1836701
1846052
1868463
1887457
1925788
1939005
1951702
1995051
2018028
2028675
2068183
2086326
2104037
2145016
2190744
2219050
2236556
2267257
2289969
2325635
2355598
2367132
2377841
2392237
2404460
2417308
2433070
2476573
2494897
2515068
2525229
2538173
2550319
2568444
2592318
2627789
2652051
2670016
2686635
2710501
2735413
2744472
2775660
2786846
2803826
2826814
2850684
2862846
2873612
2895768