7120
19621
33826
66355
85078
105488
154311
168683
186687
203324
224134
239345
251233
269990
283014
310112
323949
357344
383134
410106
424335
473117
489694
517396
546227
576770
601015
614358
636187
652291
681434
748463
782249
804877
819345
835365
878852
916114
958886
972854
1038840
1064955
1094258
1134252
1147440
1163222
1198527
1218605
1240167
1255299
1286527
1321935
1338890
1365090
1383973
1396106
1420778
1431718
1446120
1469835
1481094
1490754
1525808
1557786
1583846
1626346
1657961
1705311
1739363
1759172
1783341
1792194
1807490
1820671
1833906
1851142
1899474
1929154
1957777
1977550
2030425
2063007
2079122
2102421
2117072
2129338
2145300
2168471
2202463
2216072
2251696
2264191
2275863
2290591
2307401
2316763
2342608
2357111
2369914
2388808
2445773
2474952
2494064
2504378
2515352
2529213
2539973
2557995
2581700
2619632
2654639
2684745