7222
22213
31620
43468
57820
68352
82111
96383
113593
124777
134767
146833
155468
165538
180951
196569
212212
221528
232018
249948
260410
280661
320585
330646
343195
355895
370370
385134
406993
419514
429135
442288
453516
469186
477802
487058
498387
506961
513935
531243
539299
546832
560392
569918
582597
593270
600374
614655
627054
639956
648645
657527
671969
682787
697171
708107
723762
731803
747389
758777
771215
781662
791947
801231
810986
830857
850111
859578
872852
879873
889165
905651
915254
922667
937891
947691
956951
965965
975247
987702
996450
1006878
1016485
1024024
1035192
1058232
1066385
1078484
1100300
1111497
1121561
1128680
1137257
1144798
1153920
1162678
1175276
1185893
1196037
1204705