7992
26934
64157
76687
91459
105712
115945
136343
151224
168419
192308
220915
246628
265581
308182
323815
333787
345478
360986
370034
383929
397424
420374
440733
457362
482304
513433
548064
585496
600727
631091
657331
683524
720229
734653
788905
829770
847036
873858
891450
908634
932866
942304
969300
991631
1009998
1021041
1034606
1057339
1081449
1093961
1113679
1128931
1145780
1163688
1176104
1199703
1211824
1227283
1254299
1271476
1318568
1344424
1376404
1399017
1425251
1467174
1491615
1509617
1548480
1580289
1613797
1658075
1677584
1695807
1741234
1785060
1811594
1842752
1871158
1917145
1953520
1965141
1978787
1999324
2013249
2065035
2078541
2096733
2135532
2163930
2190811
2243466
2277269
2314781
2337014
2362888
2399054
2411103
2425556
2440328
2469643
2486409
2511208
2525840
2543485
2595590
2613374
2633482
2643277
2666677
2683782
2722881
2737603
2757990
2787234
2813596
2823530
2845224
2882215
2899464
2913066
2927211
2944743
2968041
2995259
3011908
3031017
3043470