7524
33752
49973
59974
80183
104120
118970
148745
162166
179749
189785
202550
240113
257417
264580
288748
307748
323913
352025
366629
391641
405994
415299
456207
466745
481110
490323
502715
518717
531783
548615
565840
577752
601562
617804
629660
644749
656573
663917
685033
701726
711800
723891
732565
762524
775240
798112
818205
827837
841753
846126
874201
884944
905386
921102
938627
951827
973230
992619
1022359
1055347
1071600
1088671
1103927
1124649
1135616
1149770
1170211
1185580
1216014
1236623
1254050
1265152
1282355
1293467
1304221
1317724
1329757
1342644
1356750
1372056
1382163
1397059
1410621
1420626
1434030
1450947
1461401
1485400
1501563
1510835
1525155
1539089
1565637
1587367
1604744
1618585
1655212
1681196
1710039
1731178
1767658
1791204
1801933
1819621
1834463
1847575
1867136
1877385
1884209
1904404
1922340