6451
18190
35336
39001
45679
64467
76371
86350
94331
103872
119292
127377
137915
151245
173050
198066
228800
261475
290680
350049
365964
420668
463439
472225
494437
502658
524226
539966
566962
609353
620425
660524
677097
689497
704394
719647
737863
766838
778201
800532
821795
831802
857193
869458
880631
915965
930616
941816
957610
994007
1028472
1043939
1058978
1074095
1089971
1125269
1151301
1188313
1208355
1219463
1233313
1244041
1258229
1279398
1290080
1305770
1317967
1324635
1330264
1344804
1356874
1372494
1380488
1388442
1415178
1423396
1436545
1473517
1484902
1503645
1518204
1530762
1572526
1581861
1593547
1596151
1625462
1640401
1654970
1659319
1674274
1679735
1684218
1697375
1715472
1728563
1758852
1767704
1783992
1795637
1802807
1815501
1840226
1846496
1857254
1875053
1888391
1899676
1905502
1920861
1956144