6775
20364
25592
32421
48915
64653
72078
86337
99741
111455
125911
139299
148180
156712
164699
172608
182705
203481
215264
225732
236605
255886
263124
280450
291467
302452
333856
343833
356121
364845
373365
384197
392822
400859
410704
432737
447671
460721
473221
485985
495647
504761
517183
534123
545079
560816
579469
590495
608406
624274
633382
645982
654504
662784
674018
683944
692856
697049
740615
751614
767046
781894
793449
802541
817107
829379
837747
848568
861833
873953
882055
893185
902303
935463
946998
975194
991685
1002312
1009734
1017404
1023180
1031774
1039769
1051226
1058672
1064952
1071416
1080703
1085385
1089512
1100400
1105336
1112743
1124278
1129159
1135101
1145455
1157862
1171638