6833
8727
16898
21956
30944
35342
44329
52996
63142
67284
89725
97146
108514
113444
128956
139888
149534
154260
165744
169464
175947
182831
196087
200634
206381
210849
215906
221083
224115
229272
232095
236733
242351
246081
249562
255605
260872
266853
276646
300284
347804
351196
359623
367276
375470
390011
400973
437581
450149
454966
464831
469700
480649
519230
530462
539997
547398
555526
574109
582937
590308
612172
621886
639912
650818
669012
681406
687899
694710
710920
723247
771074
793366
814951
830171
843696
861670
880603
890704
896410
923230
940101
952288
960277
972126
984149
1014456
1050552
1065800
1078021
1105678
1115083
1121896
1127223
1151071
1155747
1172544
1223580
1239849
1254963
1263640
1273216
1283908
1291258
1303267
1312346
1317671
1325599
1341578
1354085
1363860
1372896
1385404
1402946
1422987
1436143
1451613
1469307
1476687
1483548
1498571
1519874
1527474
1559340
1576066
1586064
1597002
1612003
1631552
1645046
1676813
1702626
1718424
1734694
1767664
1782268