7436
19309
35312
60242
73927
101047
118325
141405
153259
170693
185764
203867
218815
235765
247115
258480
269918
295044
312088
331158
340725
353021
372208
380918
415165
439608
454778
465626
483192
504765
535309
553019
568429
583823
598568
620757
643724
657496
669614
689116
705496
723506
744954
766666
797911
819115
846079
873646
889558
902686
921110
936870
953340
965187
980918
992418
1008702
1021616
1033473
1048125
1060608
1072927
1086892
1100088
1117451
1134254
1146505
1158355
1173040
1185224
1195083
1206919
1222649
1259004
1285168
1296686
1312105
1331455
1347999
1372725
1388390
1410172
1426724
1441672
1467873
1478426
1491416
1526966
1539367
1554686
1580598
1603728
1619637
1631491
1647342
1660683
1677219
1706576
1721190
1737090
1747047
1764997
1776741
1794845
1822619
1838053
1846859
1857240
1879038
1900716
1910865
1921188
1935609