6339
21990
52589
67474
82878
208767
225880
239951
255224
272311
284198
318654
334742
350805
374772
411804
428604
458683
506602
528361
535569
542425
560528
591968
604367
638455
664591
682102
711741
724326
749436
781255
795481
814144
846688
868048
905823
933431
949949
965166
1015003
1037443
1050077
1056550
1070446
1096516
1123300
1143324
1160555
1175027
1188107
1202787
1253305
1274937
1300815
1318631
1337447
1351351
1373543
1387957
1409798
1427814
1446045
1467986
1480972
1514227
1531987
1554946
1564426
1576970
1599921
1619929
1658465
1695014
1706159
1725439
1737055
1752286
1803669