7023
12208
19514
26197
32800
39641
53135
64964
73154
80644
87734
95514
106864
116668
149753
159048
167774
180573
202038
226903
242039
266155
272490
289345
328342
340292
347833
392235
407175
420882
432042
442044
457704
491904
502606
517497
523271
533763
544645
552156
560643
574369
583733
592823
619603
631562
640936
651649
659171
667596
685951
700884
715191
729239
736266
747647
755129
765252
773620
781011
794826
804789
819310
833976
847618
859647
875007
883240
898177
906419
922323
944932
955755
965259
975962
990055
1001226
1016725
1030843
1039266
1053700
1060041
1073807
1091221
1102792
1110850
1119444
1127444
1143668
1152427
1161874
1188602
1198555
1207106
1215124
1226652
1237502
1246260
1253990
1266866
1294833
1310652
1322739
1339574
1349250
1361377
1376620
1387992
1395399
1420313
1437638
1453865
1461396
1474821
1486831
1501382
1515274
1537157
1546783