7075
17104
35601
69048
90543
103200
116543
132751
153071
162799
182844
192150
204604
216957
226516
243796
257796
277475
307779
327219
356858
381705
394841
408665
418857
431096
442905
452952
459752
473279
483071
498639
515703
524446
538918
549303
561293
582518
592333
601356
618644
629100
647709
656972
672499
687626
694690
707171
726202
741585
753434
760813
770260
787923
802356
816842
825150
839814
852756
870597
882941
896740
908891
922227
929828
942223
950439
962591
984398
992438
1014597
1024549
1033469
1044909
1059980
1071990
1079124
1091437