7155
17972
24581
34068
50334
64831
77615
90457
101626
109761
120148
126522
136532
147641
157726
170693
182471
192519
203384
213177
226643
241787
256970
263274
278852
287564
297925
309681
324422
335359
342879
353960
362126
373481
384666
397217
408236
415533
424963
434413
444382
462521
471384
485816
499234
508611
514643
523300
528564
560859
573116
592260
608349
617422
629831
639017
646560
657457
665617
676274
682274
696276
706213
725493
732525
743173
750135
761752
770080
777356
784919
794653
801686
809460
821838
830278
840294
851039
857608
864968
871560
879425
892522
901898
909803
919907
933588
940284
949252
958021
966045
973003
981031
992520
999904
1006249
1013393
1023907
1031922
1041539
1048243
1054356
1064380
1076204
1085110
1092231
1100480
1107543
1113920
1127936
1134536
1144401
1152946
1162266
1170592
1178299
1190827
1198836
1212169
1222469
1230638
1242860
1251599
1257843
1266311
1273417
1279893
1293643
1302459
1311564
1320027
1326364
1336820
1345430
1352430
1363103
1377696
1386696
1392968
1410217
1419321
1425346
1434003
1441459
1447813
1461774
1470525
1477654
1487438
1497015
1503654
1512396
1521283
1533553
1550549
1563303
1576856
1584489
1602249
1611353
1618377
1626835
1634021
1640653
1653909
1660949
1676462
1687918
1696847
1705945
1714752
1721994
1729873
1744023
1755868
1764557
1771724
1779173
1786511
1793087
1807282
1815267
1823010
1836491
1846298
1857969
1873859
1889251
1898141
1913646
1925951
1934310
1943902
1949720
1958231
1965449
1973210
1989706
1997547
2006530
2014828
2024421
2034181
2042382
2049110
2057528
2067730
2078009
2091123
2098702
2105600
2114594
2122562
2133563
2141107
2149795
2162761
2170004
2176359
2182918
2190462
2200255
2208055
2216270
2225566
2235577
2244657
2276580