7542
21913
28697
42115
56034
70222
80008
115027
132658
144598
175979
193230
217211
232369
251538
269401
295437
308565
345687
387484
402154
420735
437375
452439
477511
492018
502576
511614
526009
540726
552894
560912
576869
592482
611131
626152
665303
694805
708798
726633
771900
785665
806207
821569
857801
873830
890354
911276
922903
955420
965953
980909
999059
1009162
1023199
1045434
1075394
1089751
1103951
1124412
1172642
1205752
1235901
1266820
1300340
1320357
1336554
1356916
1377780
1389520
1403056
1414406
1427754
1442196
1454990
1470880
1488146
1497566
1511084
1520339
1536550
1558623
1582336
1601126
1622403
1634292
1656473
1682398
1712443
1729824
1748593
1770680
1793473
1812497