6466
16105
22712
35615
71599
87799
101710
137533
157509
192332
220467
233052
261626
288578
305337
365225
381184
392889
417456
464382
499422
513237
531437
571908
590956
623507
637811
679457
694561
741520
772440
802455
837878
850000
877199
900119
938287
960766
995205
1011044
1025116
1039236
1053339
1083996
1100094
1130180
1169196
1204723
1241699
1258650
1288874
1297898
1310378
1339499
1359473
1377360
1395631
1426727
1458878
1485494
1510053
1530013
1543683
1577881
1594793
1605937
1621457
1637985
1659742
1669558
1685392
1706932
1741246
1757320
1770715
1799218
1840621
1879168
1910743
1944844
1963510
1997562
2042116
2059553
2082640
2109618
2130755
2147696
2169742