7524
17997
35066
51537
67467
86255
101526
119384
147200
158172
203663
214970
240255
259025
276530
289933
304746
337329
352669
367263
389008
403156
427533
455987
485379
523397
544323
572976
591248
622504
630348
656292
677476
710958
729748
743281
759728
770309
796366
814621
851626
882543
899249
911940
926368
953437
992302
1026409
1043374
1063352
1094712
1117521
1141046
1167392
1179381
1195457
1211195
1224153
1247870
1256190
1276553
1298246
1316400
1356263
1378376
1394123
1405513
1425428
1445667
1460735