7451
29372
44955
55274
102218
148723
204145
228334
241247
276573
300339
309704
327565
364285
382304
399048
416021
441430
462615
511525
544869
561254
585505
610892
632623
654269
680127
698191
729974
751074
777446
808324
839016
870649
887485
965398
993790
1068237
1092902
1111319
1135408
1146521
1152913
1175154
1187344
1205473
1214209
1226245
1244171
1305061
1406823
1460253
1491189
1605127
1617366
1697131
1720066
1738129
1755730
1793052
1826070
1835326
1849591
1868866
1877667
1889191
1903946
1920088
1931441
1952985
1965180
1981958
2011664
2034016