6734
11395
16685
22727
28872
35617
50417
60638
74503
89728
101995
118202
136418
147421
167094
185865
195686
203762
222886
241377
253945
263601
273648
294155
303288
312360
320673
329203
349721
361788
377550
389571
399066
412079
427119
437717
454816
465400
477188
487559
509220
519784
528868
540034
548801
559677
573141
612961
622323
635090
647840
659774
675522
688497
702272
712654
723104
732143
740638
747292
763037
773128
784467
793471
801603
818425
833717
847347
857563
873319
884596
901918
911618
919780
931025
941234
954481
969444
981427
996575
1012143
1029898
1048963
1060443