6798
13160
16792
20361
24561
32249
42505
49561
59026
65208
73065
87177
92394
98776
105937
116625
128561
135761
143137
155161
162154
172384
181266
190425
197601
203112
208913
218536
229145
235760
249784
262225
270544
279681
286456
299705
312128
320401
329481
337906
344321
353073
359241
366320
372633
381361
389225
398025
405066
413082
423234
433538
440619
452545
460265
469146
476514
484474
489994
497569
504921
511554
520114
527552
537393
544497
554058
563418
571779
583698
590914
597850
606017
614611
621009
629082
636866
643474
649257
656257
663203
669609
675746
683881
692809
700464
708497
715793
723041
729642
734594
743969
749594
756842
763689
769274
775689
784568
793296
801273
806976
813153
847865
856617
864584
875178
883625
889665
895465
902553
907969
914665
923473
941656
949217
957379
963739
970315
977003
983283
989282
995778
1002498
1009178
1016227
1024171
1033780
1041046
1046759
1052303
1059503
1065799
1072799
1079494
1087055
1093334
1100142
1108175
1115831
1122543
1128328
1134527
1140311
1148591
1157007
1165015
1174814
1182102
1188774
1196343
1206470
1216134
1223534
1228879
1233759
1238501
1245015
1254151
1269783
1276734
1282821
1288733
1297796
1304164
1314708
1324261
1330980
1337108
1346268
1353156
1359500
1367001
1374569
1381904
1387520
1393729
1399304
1410400
1415552
1421328
1429824
1434689
1441937