7570
15243
23718
36945
57103
68413
84829
96619
114901
125743
137962
148084
158867
172312
180849
197914
207250
220722
231110
240991
250598
258667
286673
306391
346158
358529
394591
416180
430684
446385
460968
468979
483083
492496
506357
525130
535874
546986
553856
563820
572796
589752
600066
615635
635790
648657
660796
670609
680887
690966
700003
711960
719611
726744
735010
743078
751277
759436
767954
783933
797808
812188
824935
833831
843405
857799
867651
872453
879091
890173
904976
919331
929281
937432
946945
963053
975801
983291
992426
1001582
1009439
1015664
1023692
1030495
1036730
1049835
1062342
1068574
1076285