6585
16349
31576
76303
95447
126544
173769
214291
262437
294566
317875
327962
335155
345542
350673
375560
396396
412545
431818
444318
470421
514429
542092
584366
602515
613298
627089
640025
649330
671980
681181
692331
710887
725048
739495
753608
770604
786663
828573
839807
851382
886869
926198
943855
956344
975877
993644
1019549
1031180
1059501
1072209
1092974
1114390
1140715
1157652
1180765
1197087
1207556
1219728
1233866
1251365
1264948
1275418
1292338
1306248
1323319
1330556
1354880
1382550
1404269
1414382
1462981
1474959
1506298
1525518
1553293