6340
11987
20451
35547
49362
85363
99618
135722
160080
176561
194145
212241
232817
249393
258409
276137
293633
311241
331209
340561
359450
395200
416889
426697
437903
466496
488481
505343
559081
590193
604816
621329
631305
647560
693520
721288
732913
763889
775109
789349
819604
833909
849399
883167
903712
916214
934423
978896
995104
1010415
1032368
1046495
1060064
1073519
1080359
1095736
1125945
1140217
1159121
1172401
1191594
1215114
1229866
1239234
1269785
1287249
1309297
1360841
1376866
1389338
1402169
1411434
1419618
1428747
1447450
1461122
1473642
1492498
1531745
1541985
1556746
1566849
1596290
1616733
1633776
1653080