7320
13012
18448
28817
40848
53858
62780
75372
87323
103069
115108
134979
147792
174721
185050
199223
209339
224114
233551
251983
268983
280767
305067
345424
367045
377788
394467
402713
413271
432341
445180
457441
490674
526332
535226
553152
565061
577536
591801
604227
616660
628397
639470
652646
660817
677247
693185
706300
721592
736501
746431
764418
774831
792740
807276
819363
827439
837229
853663
867801
882680
897958
909818
931207
946333
958816
971977
983860
996016
1004070
1013202
1041545
1052993
1063026
1071452
1078796
1087690
1098609
1110446
1119277
1133335
1143070
1153427
1164197
1179810
1195012
1209125
1221560
1233751
1242840