6954
11060
16758
23320
28659
35041
42331
51141
57336
66176
72986
83461
90528
100105
111920
125826
135902
143008
152427
158981
166410
176196
183157
192907
202530
212526
218312
226985
236503
247374
257068
263810
273365
300280
310037
325364
334921
348171
357474
374492
384800
396653
405947
415803
423826
433171
442275
451781
459183
469673
475735
485290
494890
504281
521238
530661
549227
559943
568822
578414
587935
597600
605422
614938
624610
634062
641671
651420
661919
671729
679290
688592
697129
707072
720877
730617
741418
751085
759949