6849
10579
15086
18866
23394
27833
36082
43063
51541
60098
65898
72731
80434
86443
92695
97434
104162
112171
122967
131072
139833
148008
151944
158373
167421
175447
182442
191252
197459
204204
210509
218717
223349
229197
233918
246351
251687
255279
260391
266863
273400
283346
289712
297202
303298
311762
320627
336698
343828
351092
360789
374294
384422
389966
396933
403215
409279
417319
424280
434087
444614
458006
468353
475168
485250
496841
502694
508270
517079
529566
540784
548873
562049
572498
579394
588592
597650
606634
613757
622404
631133
640087
648509
657011
666790
676503
686871
697640
707625
717497
728480
735723
751012
757589
763804
772141
780006