9743
19329
27975
39573
52947
65773
79748
95264
107855
120132
135779
146437
153777
175432
192960
202468
215816
235068
243035
268922
299537
313042
343370
369283
385426
425550
467711
490698
509192
529802
561462
587976
601507
632592
649623
668274
690843
703825
728092
742694
759934
783209
792926
801311
817533
829157
840781
855566
875131
903970
917997
933017
943622
952137
983614
999130
1008716
1032618
1058322
1077182
1106648
1179190
1206461
1224041
1239557
1252095
1263066
1285400
1308178
1328631
1347674
1374736
1392891
1408616
1452449
1480034
1519113
1528830
1542857
1572323
1597792
1617514
1631803
1675323
1696586
1767351
1783390
1823148
1837437
1877508
1908175
1945216
1958878
1992523
2011801
2024470
2053256
2076505
2092857
2104795
2116941
2144996
2229267
2243529
2259254
2286787
2304001
2319648
2338351
2372257
2390856
2410238
2431188
2466531
2499811
2516451
2531993
2545759
2574154
2587319
2619710
2641679
2658580
2687053
2710432
2739401
2773621
2790731
2811628
2833335
2854050
2863454
2887042
2919695
2936465
2952112
2994012
3017600
3028127
3045707
3081991
3100642
3131858
3184677
3227935
3266883
3289243
3297210
3318813
3338117
3378267
3406975
3414811
3428525
3444538
3464835
3479045
3493125
3521467
3550802
3565691
3584838
3597376
3610463
3681437
3721378
3736346
3765942
3789765
3806927
3833467
3857551
3875444
3903734
3947619
3963632
3980350
4073084
4119973
4129899
4148916
4166261
4183266
4199044
4239377
4292039
4317430
4403660
4429495
4464081
4480538
4517997
4525337
4543544
4570006
4587220
4669557
4705266
4741863
4755890
4783396
4799853
4811869
4839767
4855545
4871166
4885794
4900056
4920536
4934380
4954233
4977429
5003551
5062195
5099654
5127160
5151950
5219816
5240008
5272008
5303119
5355572
5391856
5414504
5430830
5447443
5465702
5472833
5525652
5579229
5612639
5669089
5712635
5793170
5828879
5887393
5919758
5966804
5978088
5995172
6027380
6037411
6045926
6074582
6084116
6103080
6160889
6206054
6248712
6317335
6341106
6375221
6386610
6445594
6469861
6520564
6546973
6578032
6625888
6697724
6741061
6775072
6800933
6815587
6867831
6908817
6959572
6997057
7018503
7037807
7058078
7087230
7124454
7163716
7194305
7249632
7263607
7290696
7305611
7326639
7345342
7361799
7521328
7562732
7595620
7630728
7689712