9743
18265
25510
46229
71040
82559
98587
160720
177400
192307
212948
231400
243701
278025
320506
358192
373568
386677
408361
437290
473047
500464
513469
541043
560277
574142
609456
635700
667235
687277
719047
736170
748028
761476
770623
789518
820558
861736
870883
901714
921573
944664
963533
973202
997127
1024153
1032597
1059493
1068276
1124284
1148053
1158921
1183471
1195772
1203721
1244274
1261266
1276382
1284435
1300932
1308047
1351727
1369214
1378049
1417220
1439972
1466790
1485815
1503928
1520425
1532231
1545913
1567206
1609453
1620008
1661864
1672732
1708124
1741379
1775599
1794624
1838304
1847008
1863557
1900253
1913597
1937887
1954514
1966242
1978256
1998350
2024959
2042994
2069082
2079272
2090348
2102232
2128972
2140309
2162019
2177891
2197385
2211927
2255216
2274215
2291572
2312031
2324097
2335668
2345285
2373197
2386254
2426755
2445598
2465718
2477654
2495949
2519718
2553859
2585707
2609397
2620916
2636683
2648150
2666081
2688911
2707519
2719012
2729827
2748018
2766235
2771994
2777336
2789324
2807124
2828860
2848902
2860708
2868969
2878664
2905873
2913196
2926175
2938554
2966154
2989349
3010277
3028077
3039700
3053122
3059820
3078011
3122056
3146398
3223751
3243845
3279863
3293650
3300426
3329642
3348902
3367041
3382574
3391409
3420546
3442177
3451741
3485335
3502249
3516713
3536833
3547857
3562869
3578715
3595316
3610119
3630552
3642228
3660080
3694534
3723671
3747231
3756952
3787601
3802091
3828935
3852026
3873631
3893725
3903237
3914496
3944259
3956873
3980798
3994793
4047387
4055440
4065526
4089295
4123384
4135112