9743
44145
61476
88216
107450
125276
167601
191630
206172
225041
240913
317432
398538
417615
433356
461034
479772
504557
529498
570494
592855
605286
627074
718058
776021
853947
869506
884101
895073
923481
938128
954964
988271
1013708
1067266
1096429
1135731
1155564
1179854
1197706
1213239
1228329
1245035
1313631
1327782
1340995
1394318
1429319
1449621
1464737
1476413
1500807
1513212
1522177
1543053
1555172
1582277
1609043
1634844
1663512
1691410
1706038
1725211
1741459
1766484
1794644
1821341
1829125
1835028
1867263
1875047
1886540
1904251
1924260
1945523
1983714
2008687
2061558
2102779
2124199
2137103
2165837
2181249
2211237
2234224
2257055
2273094
2289080
2310972
2342690
2385171
2423144
2492183
2516707
2563801
2603728
2614439
2651161
2665912
2678031
2703989
2723614
2800029
2822964
2844361
2862109
2869979
2883687
2903155
2927731
2941101
2954054
2971646
3011547
3034690
3056139
3078657
3091948
3101903
3137139
3147485
3156163
3179462
3199556
3217122
3236981
3248213
3302761
3333827
3359654
3371694
3400779
3409796
3424026
3439585
3474769
3503333
3521759
3528222
3546700
3578600
3615426
3638543
3654623
3674743
3685220
3705913
3718787
3734945
3749513
3777269
3789179
3809768
3852015
3874350
3901872
3910081
3944405
3952406
3967183
3982377
3999864
4039505
4071301
4086182
4103591
4121522
4132494
4144196
4155507
4180970
4236378
4260355
4293975
4309612
4333641
4386183