9743
36900
105340
178158
217668
273754
357935
382094
417408
428979
439977
466195
528015
568281
598383
626921
654729
698852
742220
775527
803570
820171
841724
866822
885300
898591
914827
943365
957777
973518
982222
1004844
1046934
1084750
1096504
1110317
1135962
1148472
1164813
1178704
1199840
1265361
1297470
1315844
1366874
1405576
1440708
1458639
1519807
1563175
1575294
1601877
1627600
1645504
1684884
1699322
1711076
1735679
1748970
1767396
1798097
1814829
1828824
1843731
1897967
1912223
1940292
1963096
1993849
2020563
2043471
2063825
2100156
2127678
2138493
2165441
2180374
2206488
2223715
2235443
2253817
2271409
2305681
2327964
2342454
2360958
2370966
2388558
2402449
2451785
2470080
2494005
2508990
2539431
2565467
2622986
2643340
2665936
2674067
2683084
2696428
2717799
2726712
2747770
2771122
2792649
2852201
2893510
2916497
2932108
2994736
3009956
3033620
3049361
3078264
3097107
3140422
3171253
3186916
3213916
3230309