9743
27413
45265
57514
69268
86912
131478
154334
168955
180500
194573
205571
232754
243152
268615
277085
287692
306118
314718
362412
382089
396944
414796
428739
440805
479377
493216
510026
526445
535775
556129
596551
613231
631839
658735
690817
707392
732829
762540
785579
803510
817505
838355
855582
881488
893320
919512
934002
952506
963504
994752
1016436
1046069
1068795
1112475
1122039
1142784
1167491
1183467
1213178
1239787
1257952
1271113
1296211
1308460
1338301
1348569
1355188
1380103
1393551
1441375
1485107
1494489
1520968
1533269
1542833
1556150
1573820
1592246
1604234
1635691
1658156
1670405
1690004
1714007
1722842
1732667
1747288
1762690
1783044
1800349
1846714
1872541
1921095
1959015
1977884
1990758
2006108
2023595
2081558
2100844
2120886
2137201
2146896
2164983
2176320
2188178
2203137
2230085
2255704
2270194
2306629
2334307
2348615
2378560
2393624
2411815
2424298
2436808
2469803
2484867
2515620
2544028
2562245
2598445
2633342
2646712
2659769
2704987
2714942
2764304
2775276
2789063
2811919
2822500
2844653
2888464
2918175
2955183
2985936
3011112
3065660
3088282
3121485
3169492
3213641
3252578
3268632
3313720
3325057
3367278
3418751
3460581
3484845
3511063
3524433
3544475
3589041
3630480
3652372
3674785
3696703
3709213
3718256
3752085
3779294