9743
20793
35544
53318
67834
82246
92410
102939
116700
132546
144691
163377
179796
191472
197310
202261
210705
229496
245055
260796
286128
293451
326289
339971
353393
361837
385006
421441
447268
465589
486751
503613
532933
572574
588107
615394
630067
676797
729756
746227
780368
794963
813571
856574
889673
903199
928844
945159
966399
986467
1010705
1037992
1052665
1102574
1142996
1153759
1171116
1210731
1231581
1251753
1262021
1273123
1284564
1301999
1320972
1337834
1353575
1365016
1372886
1406167
1425505
1461575
1480261
1520058
1549717
1575492
1585890
1601970
1610101
1626103
1640750
1656648
1673380
1682632
1693265
1735329
1764206
1790320
1815157
1849298
1860400
1866472
1878721
1892508
1907780
1928994
1948358
1958235
1966418
1975253
1992845
2017708
2028080
2044942
2053125
2069309
2078873
2084658
2091356
2099044
2106628
2113873
2118016
2129196
2134851
2144363
2156977
2167271
2172613
2177695
2181395
2186477
2189500
2208343
2220149
2225934
2244907
2266799
2284495
2304224
2314649
2339929
2350614
2370213
2392574
2403259
2416524
2447460
2472427
2483138
2491764
2517670
2543941
2589055
2607611
2634507
2678057
2694085
2717437
2733804
2770864
2780793
2795805
2809175
2824160
2865886
2896848
2955723
2989004
2998881
3046497
3071256
3087545
3118090
3140191
3162552
3172560
3199248
3219107
3261302
3273238
3298440
3324971
3343579
3350537
3364532
3396849
3408420
3419731
3453872
3472897
3482227
3492104
3498046
3511494
3534324
3545087
3586943
3611467
3638624
3652437
3658379
3665885
3679333
3693875
3720041
3728224
3738544
3749412
3755067
3766117
3778079
3784933
3807607
3816963
3833955
3846543