9743
31374
51337
61032
75809
88188
100541
131451
139947
155819
175105
210419
234526
252170
261630
274635
308568
334474
341875
367650
381202
389203
402703
415708
438486
457016
486623
500227
513232
534029
550761
568561
588472
602832
627956
644219
672314
695170
710416
729493
742498
781617
821127
842680
861262
873328
887818
907364
944060
962173
975907
985576
1004653
1021567
1043511
1055968
1067982
1079032
1098344
1108378
1148774
1160893
1174132
1194538
1203503
1233136
1264098
1282524
1292036
1304076
1327923
1340406
1392765
1402486
1424326
1448433