4989
17160
29096
61569
86615
114684
132901
157764
176502
191435
204127
218930
242646
267926
282208
296542
324298
346477
373503
400347
422943
436730
446060
472018
521197
550152
572617
585726
614759
643766
677673
704569
720362
734904
776134
797583
844730
884162
913065
932064
979106
999278
1030474
1045903
1065580
1085309
1099174
1117834
1132064
1148118
1165162
1179105
1202639
1216738
1245146
1264067
1277463
1287992
1302248
1324296
1355935
1385203
1398755
1417181
1436962
1456144
1481476
1513871
1535841
1590051
1624010
1665553
1699069
1717312
1765110
1780877
1792344
1808033
1821272
1848976
1878791
1911212
1924191
1957889
1979442
2000109
2021271
2031826
2053979
2069798
2090335
2117518
2140948
2162553
2208605
2233885
2249235
2267478
2290152
2328776
2363595
2392420
2413165
2432816
2449183
2469980
2484835
2519159
2544882
2576730
2591768
2634197
2667140
2686061
2711758
2728203
2745717
2778660
2810404
2821037
2875116
2897607
2929064
2948428
2971415
2985123
3000421
3024163
3041207
3058173