9743
19803
50947
83264
116597
145396
160303
178677
187434
207293
224520
246073
279563
300986
312844
351494
371145
385870
421080
441565
461659
486731
539846
570860
632315
646805
665517
696870
722072
734946
751182
787304
801299
811750
833798
866793
885714
912063
931662
955118
967940
988816
1002081
1014121
1027803
1053031
1076044
1092411
1100672
1127203
1141328
1157851
1172237
1187301
1209819
1225560
1230694
1250058
1262646
1284486
1303902
1348885
1360144
1366086
1382114
1395379
1421962
1438146
1465694
1474581
1489176
1535853
1557380
1583546
1611823
1631917
1643905
1657353
1681069
1688366
1700198
1717008
1725348
1752583
1773146
1786411
1793135
1814792
1847735
1863320
1893500
1903299
1919874
1953937
1978852
1989381
1997408
2006217
2031810
2058002
2071763
2086931
2105669
2118908
2146925
2157819
2174368
2205017
2231340
2242833