9743
23686
35622
64707
73255
97388
114667
142084
161005
172394
188526
199706
226941
243829
258502
270751
286909
323735
346539
357589
381566
391417
397333
411875
426522
434523
443253
467491
490843
512214
522065
550394
563529
574761
590971
604210
619013
631757
650052
661493
693862
706319
725970
747080
767799
783384
806188
821408
844603
867381
885911
898890
925551
940067
960604
970221
993703
1016247
1042022
1055496
1075225
1103059
1125967
1149996
1170272
1182964
1205012
1213456
1225210
1243922
1261409
1277906
1292839
1311187
1324921
1332870
1351296
1368393
1402300
1415279
1425547
1461044
1480017
1491562
1522915
1540090
1553225
1576264
1612152
1635243
1648925
1670087
1689764
1712594
1742565
1753485
1761720
1772666
1785905
1797476
1812071
1840348
1854343
1873264
1880665
1891663
1901905
1920331
1940972
1965809
1982984
1994738
2005710
2022911
2039799
2045975
2071985
2080663
2093173
2110452
2130572
2139798
2144932
2163853