9743
18447
26760
41798
56653
72420
103434
112060
126498
140988
158658
169708
178256
191964
201346
221752
229883
250003
271191
293005
304081
340438
352895
377732
400328
424018
441922
451669
465273
476662
496078
534337
556802
576974
588389
600143
627612
656906
685600
699465
748775
770797
790317
823833
833476
846767
875748
890525
908012
919088
943977
974131
987422
1012389
1026697
1035401
1053644
1061957
1071521
1088930
1097139
1103889
1122810
1139933
1158724
1188669
1212203
1246840
1285829
1302326
1324114
1331072
1342930
1355127
1363076
1376837
1415722
1438839
1455936
1469306
1505141
1522993
1535998
1556587
1569461
1580589
1600370
1621220
1651374
1661746
1686479
1697034
1708605
1722652
1737377
1744205
1766827
1777799
1788119
1804981
1856272
1883220
1898779
1905112
1913712
1925622
1933362
1946679
1962837
1992626
2014414
2046418