9743
18812
23842
30540
37029
42241
48913
56314
65696
71820
77162
83443
88238
93450
111328
118417
127851
132672
138483
149325
155840
167594
184951
191310
199024
205461
213357
221723
235040
242858
248643
255002
261074
269909
274496
279369
284711
292634
295917
306602
310876
315515
330057
336207
343895
351166
355257
364561
371728
377253
382152
386608
394765
401124
408942
415587
424474
429165
441831
452464
459005
466380
471331
476856
482120
494864
506357
511804
518632
522411
527154
534425
539924
543963
553892
560355
564733
569684
575026
582036
587144
593425
599315
603198
608358
624542
629519
637389
655059
659958
664284
668297
677523
681015
686409
690917
698996
705746
711323
716717