9743
19203
38046
45969
53761
63039
69424
82846
92228
105102
118967
137210
161109
173775
196136
207942
213962
221233
231423
237365
246721
256051
271975
286361
296864
314273
339058
367700
394674
406167
429649
448883
468977
495143
505255
543514
570540
586672
605020
617008
627745
645128
651800
670903
684429
697538
704001
711819
730349
746716
755160
768790
779658
791464
801967
810150
824588
832589
843222
862716
875408
906161
924717
942439
959379
976866
998080
1014499
1027373
1054217
1075614
1101468
1127191
1141551
1152366
1178089
1208947
1225783
1244626
1265163
1295056
1321274
1328050
1338370
1351297
1360549
1385125
1394507
1409883
1441340
1463076
1480355
1516243
1540637
1561617
1577593
1593673
1613011
1620595
1630029
1640115
1656404
1671859
1690154
1701569
1714079
1739385
1751034
1766567
1772222
1792185
1804747
1841416
1852701
1870188
1891402
1911391
1916916
1931406
1957546
1969326
1978056
1987490
1998722
2016392
2044565
2058273
2071121
2079304