9743
27726
40600
48913
63091
80631
92411
119099
132599
151572
161371
171691
201011
216700
223398
245186
260354
273541
298091
311565
327619
341797
350762
379326
390715
403954
413962
425403
439450
453080
468300
483051
493319
517609
535357
547476
562644
574632
581460
604134
621074
637415
648283
657170
681173
695298
716643
738431
748803
761808
766499
789798
799779
815833
828525
844709
856150
877495
896286
918595
943849
958470
973403
987841
1012991
1022790
1035039
1052605
1067538
1092219
1113616
1131286
1141163
1155288
1163862
1174052
1188021
1198732
1211294
1222474
1236964
1247571
1268447
1280487
1290442
1302952
1315514
1324271
1342827
1356275
1365240
1377254
1391458
1417807
1431333
1450019
1461955
1493099
1513584
1536206
1555101
1581163
1599875
1610482
1625233
1637612
1648610
1664951
1673916
1681865
1703757
1728724