9743
19125
34163
38020
43493
60251
70389
80814
87694
97285
115502
122200
130878
144326
167156
187302
213416
244274
270831
323242
337602
375470
415840
433823
451623
459884
481541
496657
527306
566999
578570
630382
648078
660197
672524
684121
699263
719852
727540
745340
763661
772678
795196
807002
817635
852454
868169
880939
898036
937598
970045
982789
997097
1009216
1023211
1043956
1063867
1092770
1109997
1119692
1129752
1141323
1154015
1171789
1181614
1194228
1203871
1209552
1214894
1224693
1235769
1250337
1256826
1265087
1281323
1288359
1301077
1329302
1340326
1360289
1373580
1384839
1424871
1434331
1444391
1446658
1468941
1482128
1496201
1499093
1511212
1517102
1520047
1532557
1552885
1566411
1584811
1591821
1608110
1618118
1624451
1636022
1653562
1659504
1669564
1685879
1696616
1707562
1713009
1736048
1767687