9743
19985
24754
30644
43727
56237
63143
73437
85243
95694
106796
117377
125013
131893
138460
145966
154801
166946
175259
182973
192590
208826
215081
229076
239527
248205
267439
278254
288522
297383
305879
316877
325946
334703
342964
359644
369704
381327
392507
402775
410515
420340
431338
444108
454506
466338
480828
494458
509209
525758
535322
547310
555441
562008
572823
582335
590909
594922
633676
645039
658669
671726
683167
692627
708368
721242
729008
738442
750821
762262
770028
780635
789522
814281
823741
850559
866326
877220
884100
892726
898433
906981
915816
925797
933693
940156
946332
955219
959675
963506
974374
979065
985658
995222
1000095
1005802
1015940
1028241
1042366