9743
11645
16935
20974
27698
31477
39347
46305
55166
60430
75025
79872
88811
93189
103509
113334
121830
126104
136841
141375
146639
153519
164699
168842
173559
177155
179448
183461
185676
189819
192034
194562
197376
203604
206079
210066
215356
220464
225415
247359
280901
283924
292003
297397
305215
314258
321086
345193
354940
359761
367397
372244
382486
405942
415559
425254
432369
439875
454053
461454
467396
481756
488089
503283
513134
522829
535026
540837
546675
560305
569974
607347
628718
644902
657750
670181
685375
709013
719177
724598
749826
765619
776565
781595
789413
797648
819775
837080
848495
858581
874270
883079
892956
897673
915838
920294
934706
962201
973877
986934
994257
1002127
1011222
1017581
1028892
1036971
1041036
1046118
1060426
1071111
1080545
1089875
1099466
1118387
1133685
1143067
1153830
1167017
1173141
1178275
1189768
1206708
1213301
1233343
1262767
1270585
1281010
1294067
1312493
1323361
1346400
1366937
1381453
1395031
1418617
1434723