9743
17092
26578
42215
52196
64523
73149
85320
93399
104032
112293
122744
129754
138875
144869
152453
160141
170748
182762
195193
201057
207520
219560
224772
243771
255707
265141
271474
288310
303243
321721
333162
343170
354533
364775
379239
394589
403893
410982
424873
435767
449084
461203
476006
497716
510721
523152
543506
553800
562218
572147
583718
593569
601283
610274
617102
628751
637742
645743
653744
660937
668312
676521
685095
693799
704041
714283
722649
731171
738677
744827
753323
762340
781052
797966
803725
813316
825982
837553
854102
863797
877219
888165
898355
914357
921758
928768
956889
966427
976174
995773
1007110
1017665
1025666
1036534
1044248
1054073
1077216
1087719
1098978
1105050
1116465
1124674
1139295
1157590
1167962
1173982
1179663
1195170
1210416
1217531
1224620
1235983