9743
18526
38854
49357
60225
149567
166664
177610
188660
204036
213600
238124
250243
260198
277998
302653
314198
334631
374741
393401
399603
404372
416256
440129
447843
477554
500045
514483
536714
547842
571089
595327
606898
619095
642864
666268
699706
723292
736114
747477
785163
803641
813179
818261
831631
848493
870411
886647
899078
908252
917712
927641
957977
975386
995558
1010048
1025424
1035484
1053284
1062848
1078720
1091829
1106554
1123442
1133371
1157895
1169649
1187814
1194329
1203450
1220494
1236131
1269256
1297664
1305847
1319347
1327791
1339597
1392503