9743
13939
19047
23660
28194
33250
42710
52196
58659
64549
69136
75573
85945
92747
123891
130406
137416
148518
167569
185239
198739
216591
221542
238847
273614
284742
290110
326154
341530
353258
362275
369728
383984
421279
431808
444604
450233
460188
470482
476085
482835
495397
503215
510356
536444
547025
555391
565216
570793
578038
591590
604960
616948
627946
633054
641993
648821
657447
663884
669722
681163
689711
704410
717467
726771
735345
747203
753223
766019
773029
786346
807274
817464
824474
833856
846027
856608
868909
883477
890096
901485
907166
917851
930804
940681
947796
955380
962573
978314
985846
993221
1017120
1025564
1033513
1039507
1047325
1056916
1063718
1068695
1077999
1100412
1113104
1122069
1136064
1144091
1154542
1168068
1177085
1183235
1207447
1222198
1233144
1239216
1250396
1260768
1273590
1285396
1304578
1312188