9743
18473
38124
66584
83264
93402
105130
120246
138281
148262
172395
182507
193088
203825
212764
227776
239686
259102
288787
307890
335907
361083
374870
387301
397387
409636
421494
433482
441431
455817
466372
481540
499705
508670
523395
533663
545703
564024
574396
584039
599702
611195
629282
639420
653858
670329
676974
689588
707571
724198
735978
743666
752787
772464
787085
802201
809342
823389
837567
857687
873611
887450
901315
916379
924249
938374
945906
957582
981351
990420
1011217
1022032
1032587
1046087
1073817
1087030
1095187
1108192