9743
17509
21131
27386
38827
48913
57956
66660
75234
79873
86545
90949
96578
104031
111589
120163
127043
132985
141507
148074
156231
166656
177133
181615
191492
195948
202880
209578
218960
228134
232981
238923
244604
252344
258807
267433
275408
279525
285180
290809
297637
312440
318460
325575
336026
342776
346529
351454
354555
379601
387315
398678
408451
414367
420986
426172
430263
436387
440791
447723
451241
461014
467712
480769
484886
490776
494476
502164
507480
512327
517200
523402
527728
531924
539065
544642
550271
556369
560434
564656
568226
572682
580865
586703
592332
597883
606483
610236
615187
620138
624777
628842
637963
645521
649795
653391
657326
663528
668297
672493
676141
679164
685914
693732
698683
705328
711139
715230
718670
727374
730944
736417
741368
748066
752001
755962
764302
769149
777879
785593
790101
797867
803444
807822
813164
816786
819809
827575
832839
838025
842846
846312
851211
855589
858794
864527
874013
878339
881596
892620
897337
901663
907370
911123
914380
923137
928219
931789
937053
942838
946147
950238
955789
961627
972338
980886
990007
994594
1005592
1010674
1016121
1021750
1025737
1029229
1038246
1044188
1055134
1063708
1069467
1074914
1079501
1083853
1087866
1098186
1106812
1111894
1117002
1122032
1126306
1130085
1139389
1145539
1149656
1159116
1165631
1171521
1181112
1191901
1197035
1208163
1216529
1221611
1228621
1232191
1237716
1241859
1246810
1259059
1265001
1271256
1276833
1283531
1289812
1294372
1298385
1303336
1309799
1315480
1323559
1328276
1332836
1338465
1343625
1351756
1356942
1363327
1373074
1378286
1382638
1386573
1391212
1398274
1403747
1409558
1415943
1422823
1428661
1453811