9743
19724
24206
34943
47114
58555
66321
90793
107446
114952
140936
155869
178517
191209
205960
224438
246721
257041
283755
311277
323135
337130
351620
364312
383233
397671
405802
413751
425817
435251
445180
451070
464257
479607
496495
508040
531548
549270
561649
578329
620810
632798
652735
667095
698865
712678
725813
739912
748669
766834
775356
786224
799698
807464
817289
834386
851952
862637
872332
889663
929434
955574
980984
1007515
1034359
1050465
1064199
1078038
1091929
1102223
1112048
1120726
1129743
1140923
1150383
1164665
1178426
1185462
1195678
1204461
1217309
1234666
1255020
1270318
1288483
1297318
1314858
1335708
1357939
1373628
1390047
1408707
1426872
1442274