9743
17249
21757
31400
58114
73099
86364
112869
130513
150555
168824
180343
198143
220869
234682
283210
295902
304919
326707
361630
382870
396109
410730
444428
459909
494598
507733
540858
557303
587509
607681
635203
664158
673592
690272
709245
734525
756156
788447
802755
816620
829781
841326
862983
876717
899573
926287
952062
983337
997410
1024280
1032984
1042887
1059723
1077523
1094515
1112185
1140071
1163813
1188337
1208822
1238715
1250834
1274915
1292924
1301029
1313773
1326100
1347601
1355445
1370691
1394043
1418880
1439234
1451248
1476033
1509158
1538243
1571238
1593156
1613589
1632692
1665947
1682991
1706655
1731179
1749136
1766962
1786300