9743
25406
37108
44978
83185
120741
159860
181517
192906
223972
243961
252952
268328
300332
316256
331059
346566
370361
390559
434552
463455
487250
509220
531008
551493
570466
591446
607187
633953
653187
677216
702183
729783
761787
777841
841720
865879
918473
941825
959756
979563
989127
994704
1013260
1024180
1037576
1045577
1055376
1070492
1107005
1194653
1240262
1268461
1358298
1369974
1418945
1438413
1455614
1472267
1503672
1533930
1545006
1559001
1577974
1586731
1596921
1610968
1624285
1634293
1655012
1665697
1681230
1706328
1729132