9743
13496
16832
21132
25093
29601
39061
46254
57695
70986
82323
97543
114275
124309
139373
156235
164236
169578
186675
201191
214535
222614
230875
249170
255868
262201
270462
277394
294517
305150
318389
330065
337961
351070
364935
376298
392691
403480
414478
423860
441295
451407
459590
468399
475592
486851
499100
532303
542623
553621
563290
573193
588231
600975
613041
622658
631753
638868
646321
651663
665945
673216
684162
691459
697870
712230
725469
738578
748533
761850
771024
785957
794792
803288
812540
821427
832712
845717
856976
869173
881604
899091
910636
921451