9743
16206
20115
23737
28115
37262
47687
54150
64575
70413
78596
93086
96760
101112
106324
112370
122430
127590
132150
141480
147917
155866
165795
173066
179581
183334
187451
195295
202827
207961
219715
228211
234622
241398
247079
257556
268815
275721
281976
288674
293938
299697
303893
307984
312362
318747
324506
331725
337302
342436
350802
359767
365396
375899
381033
387105
392317
399301
403027
409829
415223
420487
427628
433883
440528
446835
455096
463045
469169
478864
483946
490148
496038
502475
507374
516313
522594
528353
532783
538125
543311
549461
553657
559807
566166
572629
579066
584982
589673
593113
596944
604710
608775
613935
618052
622769
627642
634731
642106
650446
654772
659332
689225
696053
701630
710387
717137
721280
725840
729749
733449
738531
745593
759718
766155
772853
778378
783408
788464
793337
797793
803109
808373
813533
818406
825625
833183
838577
843398
848037
851998
856871
862135
868051
872924
877511
881889
888404
893069
897890
902086
906490
910764
916888
922595
929293
936043
942376
947510
954077
961739
971434
976307
981571
985219
988320
992933
999526
1012400
1018029
1022798
1026994
1031581
1035516
1042031
1048859
1053289
1057380
1064208
1069524
1074475
1081668
1087115
1092953
1097540
1101970
1106739
1115261
1120004
1123913
1130923
1134884
1140252