9743
16649
23138
34996
50346
61787
75965
85868
102417
114301
126654
135072
146331
157928
165955
178595
188420
200513
211276
218260
226990
235903
261522
282893
328841
341611
385109
407861
424958
439057
451697
459724
472364
481642
494542
510961
521646
530846
537361
546326
554249
568739
577913
591856
609682
621410
630140
638740
649477
657921
666000
676946
685077
691722
699280
707646
715125
722917
728728
742541
757240
770479
782467
791458
799954
813715
823618
828700
833208
842199
851842
864690
875323
882542
891090
906779
919028
924787
931823
939224
944592
949179
956241
961844
966795
977428
987618
992934
998589