9743
17144
29497
67079
88059
120246
171224
212037
254518
287591
316624
325876
331870
341382
347584
370675
391655
407527
428142
441564
468460
518943
544145
584880
603175
613313
627881
640182
648313
672603
679848
689308
708594
719149
731971
745784
763767
776772
827541
838487
848442
873670
905440
922041
935802
955374
979586
1006664
1018053
1045887
1057510
1077109
1098089
1121441
1136166
1161394
1176953
1186517
1197958
1211510
1229493
1244478
1254668
1270331
1281459
1298764
1305644
1331602
1356022
1379634
1389615
1446170
1458914
1489954
1512315
1538403