9743
14017
21288
35726
48965
79484
91603
128220
155768
171744
190482
207787
227255
245107
253499
271794
289594
304397
323240
332257
350057
386309
406038
415785
425793
453262
471922
487794
544453
572652
584197
600095
608018
623134
659334
686673
697541
725636
736139
750030
780106
790713
806324
835957
852037
867570
886256
927617
943228
959960
982686
998115
1012866
1025558
1031500
1050734
1081618
1097672
1118287
1131969
1151437
1177343
1194075
1203327
1236713
1253523
1278490
1328217
1343020
1355269
1367127
1376014
1382790
1390243
1408955
1423888
1437075
1456361
1497227
1510466
1526207
1536970
1566550
1588703
1606451
1630350