9743
13574
16727
25014
32858
42918
49876
60379
69188
82271
93451
111017
122197
145783
152116
163974
173356
186283
195404
211901
227095
237963
252870
282268
302310
312578
326104
332124
341376
354120
366108
376741
407390
432957
440671
455839
468166
478617
491231
501473
512549
521670
531313
542076
550051
563733
578849
589169
603946
615960
623935
642152
651273
665424
675562
685387
691694
700659
713403
724583
737145
751192
760756
783352
794663
806417
817415
829794
838368
845561
852832
874359
883298
891247
900238
905945
913007
923849
933075
939147
951969
961586
970603
980298
992729
1007532
1021710
1034089
1044018
1051419