9743
11645
14329
17300
19880
23763
27854
33405
37131
42995
46643
52611
56624
63452
70019
79375
86333
91284
97799
101812
106216
113096
117787
124068
130740
137568
141086
146428
153230
161543
167667
171837
178587
197378
204884
216064
223074
232456
239284
251038
257188
265997
273503
280513
286220
292787
298364
305244
308084
314599
318273
324866
330443
337088
348633
355461
369899
376779
382304
388559
394683
401276
405836
411804
416938
423140
427648
434033
440418
446438
450503
456758
461970
468668
479666
486233
493947
500254
506248