9743
12635
15918
18550
22198
25325
30667
34889
40257
45573
49169
53052
56388
60036
63684
67020
71398
76480
82995
88806
94018
98683
102931
106866
112625
118749
124143
129433
132612
136260
139465
143921
146996
151322
154162
161668
165447
167949
170529
174047
177878
183325
186713
190439
194139
199533
204927
216785
221476
230858
236800
246808
253141
256815
261011
264347
268204
273625
277221
283267
297888
306384
314593
318476
324496
332809
335701
338463
344483
352666
360667
365618
372993
379951
384016
389046
394857
399261
402466
406922
411613
417503
423054
427067
431966
438559
444292
449634
454768
460710
466860
471473
481533
484686
487292
491800
496699