6054
15993
28555
44632
66760
85974
105342
129988
147660
167388
191963
208591
221990
259637
291585
305149
327664
357871
370258
409905
459815
481564
526219
578299
602535
668719
741800
781428
810479
843767
899469
941020
964331
1015322
1041707
1083009
1121617
1146969
1177016
1201383
1230431
1267900
1283846
1297309
1322812
1342771
1362571
1387659
1420422
1460273
1485496
1509505
1526367
1541082
1594906
1620609
1635423
1675679
1712063
1740299
1783067
1902847
1955846
1984127
2010420
2030525
2049051
2086443
2121403
2154386
2193454
2234281
2255199
2279230
2341822
2371844
2435315
2451268
2474200
2519506
2554736
2583121
2604680
2659182
2684535
2778125
2800988
2852675
2870682
2914641
2960921
3009128
3030736
3082854
3108771
3129490
3171946
3204049
3230280
3250527
3272151
3321006
3455476
3477819
3503730
3543682
3572969
3600888
3628407
3688838
3725589
3757628
3785148
3840427
3890074
3915330
3940577
3962545
4008142
4029838
4081890
4114556
4140604
4170200
4209993
4259184
4314223
4341838
4376957
4411164
4445589
4461627
4506043
4561265
4589951
4617159
4690632
4729886
4748709
4780965
4838475
4861931
4900617
4986664
5051119
5099273
5123341
5134909
5166389
5190771
5246755
5287345
5300441
5322207
5346287
5374462
5398891
5419815
5460118
5500437
5523601
5548355
5566210
5583251
5681040
5737632
5757151
5799542
5831894
5854293
5898472
5931163
5958931
6004306
6069512
6094064
6119727
6255008
6328603
6345786
6376811
6404889
6433360
6459608
6525769
6603471
6637783
6762587
6796348
6845137
6873208
6928728
6939959
6968759
7011126
7038373
7166771
7224353
7291864
7316551
7360120
7387964
7405798
7453998
7480326
7504773
7527820
7551508
7587508
7612850
7649259
7684777
7716519
7802957
7857308
7900583
7942607
8047060
8077707
8134530
8190250
8279980
8334838
8373638
8403101
8434196
8461382
8473590
8560221
8664076
8727013
8823915
8904365
9044051
9100688
9201333
9251588
9328722
9346818
9377837
9435150
9451731
9469318
9514873
9532617
9565352
9670114
9748708
9812152
9953465
9986070
10041235
10062169
10164798
10193040
10253753
10284428
10322287
10375230
10463092
10519778
10558785
10601989
10625480
10713342
10766826
10838289
10898000
10928967
10959379
10992356
11030716
11084511
11152053
11185817
11269593
11291467
11325962
11349634
11381045
11411551
11438134
11698082
11761437
11813199
11867374
11956190