5122
15502
29737
51172
89112
105066
130238
226280
251376
276470
309919
338984
356886
412167
458856
517293
542088
561551
594778
640670
697433
748079
770763
790746
814245
828755
870366
895853
933899
959168
1000580
1023459
1041171
1060790
1075277
1101224
1146156
1204172
1228086
1271598
1300075
1337205
1362223
1376549
1413162
1455316
1470379
1511558
1525553
1611204
1648289
1667993
1709335
1732134
1747224
1811580
1835878
1860145
1872660
1896314
1911027
1980952
2008909
2023887
2091475
2125161
2167038
2192937
2220983
2248594
2268067
2289349
2321826
2377494
2394775
2457550
2474791
2526875
2580958
2633519
2665723
2736372
2751418
2777204
2844715
2866983
2905628
2928244
2945398
2964372
2995331
3035867
3066142
3114800
3133636
3158408
3179085
3229437
3251950
3290909
3313696
3341200
3362280
3425070
3453921
3481519
3515732
3534269
3554784
3572051
3614955
3639151
3700549
3734683
3767092
3788411
3822654
3863785
3928190
3996249
4037558
4058654
4085775
4109014
4135082
4169796
4199343
4218493
4237141
4268451
4295165
4307301
4319426
4346469
4379222
4428013
4463008
4485416
4500737
4520913
4567121
4581737
4604986
4631328
4679863
4726065
4767813
4803159
4826944
4855413
4868194
4905571
4985604
5041624
5185353
5224978
5301939
5327213
5340569
5395601
5429691
5462950
5489360
5510073
5567013
5607819
5628540
5694172
5725256
5751541
5787432
5811205
5834519
5859637
5886257
5910154
5946758
5965682
6001964
6063496
6119005
6158726
6178150
6234390
6258019
6304682
6352507
6402829
6448752
6467163
6490031
6543167
6567901
6615931
6641986
6738156
6751613
6770485
6809955
6866544
6887572