8445
74840
112753
164576
195505
227225
313543
353561
378375
409723
437903
582657
739821
779236
805698
854381
889086
931232
977271
1056344
1098614
1120702
1158801
1314571
1402728
1480923
1497629
1512979
1524011
1561044
1577692
1596553
1631548
1659960
1720063
1750955
1793062
1816872
1843271
1864350
1883439
1903028
1920335
1997231
2014951
2031223
2083996
2130279
2155684
2175698
2192120
2218088
2233922
2245453
2274894
2291407
2322580
2360098
2400690
2447415
2499406
2520949
2554418
2578315
2617446
2649137
2688474
2701644
2710508
2747963
2764354
2782425
2806789
2838642
2871750
2923738
2968165
3059947
3124320
3161760
3186328
3231849
3254196
3304575
3340727
3378175
3406086
3435261
3470341
3525444
3595400
3660872
3773689
3806364
3895842
3963488
3981951
4033445
4052691
4070247
4114335
4144869
4253873
4289055
4325111
4357199
4372631
4395523
4426670
4471548
4495954
4515493
4541483
4603781
4647570
4685233
4715595
4738436
4758231
4809620
4827179
4842576
4883470
4919867
4947478
4979628
5000098
5080812
5138131
5184210
5206243
5258365
5274759
5297379
5324820
5400469
5459158
5492712
5504602
5538594
5597487
5675633
5732697
5765454
5803937
5821166
5858025
5881533
5905008
5929622
5979522
6002207
6035928
6105956
6138808
6181798
6195097
6249532
6265277
6289262
6317572
6345852
6404607
6455432
6475719
6498887
6524455
6538478
6553019
6571157
6608986
6694094
6727215
6772834
6797217
6823665
6901371