7453
47087
157935
267613
327097
424485
548300
585857
641057
659348
678631
723651
821075
884422
943974
989642
1026622
1092045
1155726
1216042
1268086
1294256
1341145
1382948
1425182
1450456
1481262
1523578
1555823
1587189
1608279
1654598
1750690
1817368
1839828
1866419
1905293
1929470
1961736
1989931
2029594
2124305
2174553
2204805
2291001
2351317
2398632
2430072
2538442
2603749
2624335
2674739
2723528
2758716
2834632
2861239
2881545
2925639
2949658
2987792
3041989
3071861
3096078
3122244
3219675
3245540
3295984
3341647
3399705
3453935
3501607
3540611
3606648
3655714
3673995
3720522
3745622
3808283
3839582
3860440
3897137
3929733
3990340
4029292
4056594
4088269
4106311
4138065
4164833
4257298
4293996
4334043
4363971
4415274
4482432
4566781
4599525
4640099
4656080
4673624
4701512
4737600
4752955
4797943
4837372
4875068
4958102
5014817
5057144
5082508
5186698
5210565
5246188
5270333
5314089
5349100
5415973
5467446
5490366
5536588
5556650