8247
37198
68244
86862
107547
134969
202937
234468
258952
278021
302267
320268
366031
383392
422362
437929
455381
483918
500735
576197
611784
634828
660633
683100
704448
776312
796645
824921
850722
869050
906374
960330
991439
1024399
1067753
1118733
1142951
1178460
1224154
1259081
1285431
1307373
1336058
1365803
1416883
1435383
1469579
1488499
1513113
1529810
1579329
1608808
1669422
1704752
1755397
1769302
1805029
1846451
1871598
1923832
1971196
2006743
2030314
2064567
2083992
2131277
2147954
2161354
2204615
2228175
2315317
2389094
2406951
2453900
2481301
2501559
2530440
2566221
2603177
2626397
2687267
2732691
2757366
2790919
2840720
2858824
2877977
2905974
2932742
2971952
3005557
3092501
3139360
3229279
3293385
3329509
3354684
3384520
3417168
3532453
3568297
3602366
3635870
3654113
3687000
3706080
3732513
3764836
3813024
3859252
3890697
3938664
3981791
4005907
4051794
4073169
4103631
4124025
4142532
4194182
4221046
4265424
4306128
4336029
4391041
4440587
4462443
4481768
4555517
4573177
4640539
4659050
4680583
4717698
4736268
4771976
4835052
4879300
4944185
4992054
5032718
5113732
5149631
5203785
5282961
5358904
5415238
5440632
5513448
5531288
5589224
5676570
5745400
5782309
5823883
5844431
5876979
5948088
6015431
6054648
6091337
6126495
6144618
6162121
6217883
6275728