8162
22441
45171
75837
96943
123253
141426
158966
181739
208024
227303
266209
289681
307247
318128
327477
342283
369815
396521
426551
479147
493850
556187
582993
605507
621597
664698
742962
789655
823131
862668
895081
943722
978787
1001402
1033481
1057953
1127826
1205292
1228861
1270214
1292876
1321171
1391467
1441379
1461959
1504235
1528908
1564162
1600204
1640277
1681569
1704238
1784524
1855547
1875211
1902916
1962818
1994689
2027364
2046005
2065328
2084421
2113569
2143853
2169379
2196433
2215372
2228099
2282052
2316978
2372812
2400290
2466870
2514219
2557464
2577474
2603187
2616716
2642700
2666070
2690089
2718732
2734137
2752804
2810986
2846760
2879560
2912428
2967612
2985470
2995911
3017536
3039753
3066549
3100651
3137391
3158110
3173372
3191808
3225352
3263746
3282540
3311987
3326068
3357047
3375627
3387513
3401671
3415226
3431366
3445645
3453592
3475263
3486437
3510912
3537960
3556469
3567854
3578784
3587288
3599706
3608203
3642727
3664083
3679154
3718697
3762718
3799198
3840359
3864576
3915180
3935012
3970501
4013692
4034096
4060422
4118343
4168285
4189267
4210970
4254939
4306328
4389039
4419459
4465180
4540733
4569691
4613239
4647276
4725795
4747285
4775503
4803580
4830173
4912382
4972260
5078337
5146545
5164043
5258241
5295427
5333690
5361715
5386261
5411957
5423940
5451484
5476948
5528452
5546739
5584962
5625363
5653395
5664150
5685258
5731165
5748019
5765931
5812122
5841529
5855749
5869474
5879461
5899084
5933852
5950117
6013269
6055530
6104665
6135664
6146761
6162412
6186209
6211337
6252976
6268796
6287649
6307726
6319614
6342999
6362765
6375685
6414881
6430362
6455985
6475851