7699
45977
77289
91305
115180
135968
156599
205416
218099
242387
275920
323143
360610
390207
404391
427900
468222
508162
520522
563215
589409
603484
623236
644466
686218
714750
765521
790165
816501
854549
884573
917690
947286
969110
1013012
1039653
1086393
1123483
1148912
1180448
1205421
1292574
1357470
1393808
1435929
1456840
1479930
1510306
1583817
1615274
1642887
1659931
1692738
1724234
1762461
1780442
1801837
1821122
1851221
1868647
1925956
1947198
1974064
2013034
2028916
2083424
2137897
2172386
2192189
2216181
2277603
2301655
2390678
2418029
2456499
2497418