6435
26164
51050
111670
160765
212539
246140
297017
330109
358476
379241
411044
463458
510670
536185
561999
610542
652327
717502
771099
810654
834961
857276
908770
1006613
1055719
1095889
1118473
1176195
1232298
1285945
1343479
1372260
1400488
1448540
1484447
1556547
1618822
1666451
1697677
1768299
1802555
1850678
1874806
1907718
1934805
1963084
2000255
2028148
2059914
2092286
2119674
2169045
2194320
2247867
2283915
2309306
2328864
2355360
2403979
2469555
2519500
2546365
2579994
2616083
2650123
2688423
2735219
2774308
2855225
2911732
2971382
3022672
3054324
3138104
3162744
3182761
3210114
3233254
3276414
3321690
3377529
3396499
3446785
3480025
3510530
3541261
3560031
3596490
3622742
3659323
3705151
3753685
3790364
3846152
3888044
3914365
3945748
3983316
4023452
4076607
4113979
4144283
4173671
4199506
4232814
4255936
4306267
4346427
4385848
4414691
4490038
4530288
4564099
4606657
4635734
4666836
4722228
4785462
4803027
4893187
4924563
4972944
5006749
5046938
5068873
5096006
5132972
5159457
5185121