16241
33121
78944
129572
182285
227408
252463
282953
296257
328916
361567
395547
459182
494451
515117
582753
617825
642265
698256
733022
769559
813883
916160
971747
1087399
1108727
1143352
1197698
1240134
1261279
1295000
1340983
1363000
1377882
1404448
1450361
1476988
1502352
1528224
1557590
1577563
1603388
1623271
1642450
1660107
1693082
1716761
1740164
1752830
1793139
1812181
1837255
1856554
1883373
1917188
1945895
1955114
1985426
2002942
2039319
2073549
2137338
2155033
2164454
2191296
2212495
2254015
2281711
2324472
2338709
2363150
2423462
2448962
2484963
2526790
2556000
2578552
2601906
2633666
2646442
2668629
2699564
2712997
2756060
2780527
2803364
2816445
2850565
2904595
2930575
2988965
3005594
3033370
3080714
3121099
3141391
3154978
3171931
3233417
3260914
3287119
3311270
3341505
3365802
3412253
3429150
3454658
3499018
3544077
3566740