16474
38962
59318
123078
138448
182540
206911
248050
274817
290241
314562
329283
370171
391534
413636
428767
447054
496095
526527
540696
573535
588698
597196
618157
637267
650779
669337
701879
729443
767022
784893
842694
862667
880508
906076
926350
947821
965962
992384
1009109
1047532
1066878
1090707
1122447
1158944
1180191
1211163
1237189
1271619
1304210
1330598
1351950
1390615
1413368
1443644
1457319
1492170
1530365
1555437
1577858
1611501
1657516
1695819
1729554
1758821
1778977
1809822
1822397
1842333
1871257
1904196
1925158
1948730
1976941
1994802
2008226
2037042
2060483
2109587
2128881
2147753
2199820
2225558
2240695
2288930
2314737
2337480
2374545
2431268
2468679
2491078
2525481
2557967
2592371
2631825
2648233
2661438
2679501
2697593
2716966
2738082
2779258
2800577
2826980
2838068
2854285
2869328
2894126
2922565
2960390
2992804
3014282
3035450
3062728
3092743
3105969
3146946
3161690
3183422
3213073
3246633
3262503
3273230
3302414