14163
28295
45084
73494
97941
125263
191048
207655
232455
256613
285396
307071
322802
346722
363529
397395
411828
456892
494491
533501
554720
619847
641925
686909
727301
768424
802123
820300
845955
869504
905278
982152
1022756
1057635
1078163
1096834
1155666
1206773
1256888
1277167
1350340
1387228
1416516
1467122
1487374
1507702
1550998
1577268
1602300
1622191
1665067
1715504
1737629
1769973
1799965
1816591
1853787
1870363
1884859
1913424
1930065
1942533
1969519
1999331
2028173
2073142
2112847
2161083
2203243
2228833
2253900
2264435
2280707
2298322
2311168
2331030
2384641
2422780
2451521
2477704
2531124
2574018
2595201
2627325
2647577
2664203
2684641
2714845
2752611
2768173
2811439
2829382
2850927
2873228
2896623
2907841
2945192
2964553
2982880
3006944
3086194
3131695
3160710
3174460
3190998
3211165
3224947
3249836
3282635
3335728
3379686
3428936