15606
35332
48396
65938
82752
95334
111454
128582
147398
166696
175432
187546
195214
204073
218288
231546
246240
254844
264658
284570
298258
320085
345679
357632
371338
385444
399559
415533
437980
451362
461080
475164
487861
504001
513579
524273
535329
544138
551263
571507
583649
593766
610484
620274
634472
647480
655988
673923
688266
702548
713521
723617
739980
754391
769973
782913
799920
810066
826895
840542
854636
865909
876506
889395
899942
923748
945311
955475
968452
976249
988236
1005738
1016829
1025907
1044483
1056122
1064960
1075739
1086493
1099641
1112491
1124966
1136251
1144262
1156791
1186159
1195736
1210369
1237543
1248966
1260119
1271299
1281251
1288430
1299242
1308864
1324997
1337645
1348280
1359664