7833
29187
69082
86333
100504
117855
132045
157838
177119
198457
224463
256424
290670
314424
360392
379889
393678
407881
426758
439241
458458
474640
501864
525713
546633
578971
609241
650293
692823
713895
757833
789362
817184
860067
879900
930973
976304
997489
1029741
1050513
1071475
1104297
1116815
1144777
1172740
1195602
1208863
1226306
1255011
1283413
1302412
1321155
1336073
1355197
1370021
1385479
1407742
1420884
1435935
1466796
1490181
1531704
1560243
1587539
1610127
1638496
1666368
1692234
1711554
1752942
1788871
1826642
1865611
1887196
1908444
1953468
1996740
2026737
2054867
2086626
2169334
2214753
2226358
2243782
2264338
2281625
2319858
2337598
2357920
2403842
2437307
2471234
2526595
2563875
2599037
2625932
2656152
2689035
2703828
2721782
2740498
2773415
2796416
2830236
2849610
2873172
2924705
2944379
2969151
2980597
3011435
3035356
3086068
3104359
3128813
3164973
3200282
3210625
3239567
3284321
3306297
3323374
3341983
3365487
3396895
3434148
3457516
3481409
3495865