8853
48311
73776
91713
120333
155464
179942
244924
272247
294632
310757
329009
377978
403679
416107
451837
479811
503329
533181
555056
584515
606976
623021
684074
703776
728045
745191
767605
790325
813030
838252
864629
882918
922134
952270
975378
1000841
1020172
1032790
1065303
1093739
1111523
1131925
1147678
1190599
1213303
1252313
1291249
1308420
1330422
1341722
1391390
1411031
1445066
1471504
1502854
1525202
1563879
1595980
1640531
1694173
1722107
1750459
1773276
1810586
1829568
1854159
1888839
1915546
1960826
2010499
2043171
2062894
2091867
2109834
2130317
2154070
2174897
2200909
2222818
2249370
2267668
2292718
2317517
2334898
2359184
2381651
2399299
2431728
2457181
2472913
2496464
2519884
2563750
2591214
2618067
2640955
2692903
2728565
2775684
2806899
2834768
2858544
2871618
2890578
2907377
2923699
2947032
2960926
2970999
2997731
3020217