14195
30334
52480
58612
66998
92628
109894
124273
135243
149633
174795
186203
200468
220459
268120
304613
347431
400792
445041
529838
554430
612815
683800
697020
729929
744266
782283
808684
859782
924203
946349
1018309
1046469
1069964
1093519
1116161
1142918
1172088
1187491
1220778
1259782
1275940
1318890
1338471
1359309
1413772
1442162
1462970
1494679
1555188
1611525
1637282
1662930
1686008
1712267
1763509
1805345
1862639
1895408
1915298
1939624
1961504
1984507
2021921
2040766
2066334
2085993
2096737
2108135
2129398
2151313
2179858
2192504
2208982
2249581
2263227
2285410
2322784
2335702
2357269
2373547
2386551
2431306
2443522
2454752
2459193
2492296
2509333
2525885
2530424
2548658
2555054
2560123
2577242
2596837
2613595
2641914
2651657
2671455
2684774
2694619
2710166
2736207
2743648
2756484
2776325
2790479
2802733
2811362
2828982
2867001