6365
19759
26667
34192
51552
69613
81053
98672
114612
128279
146328
162073
173350
182641
191731
202624
214781
232738
245762
258000
272952
297909
306555
325000
338726
350826
379209
391981
405634
419894
432577
446376
456411
468301
478370
500871
517480
532605
548938
562560
575388
589941
605169
625510
641785
660204
681036
694022
715092
737471
753000
768032
779726
790648
807967
822592
836200
843448
889832
908519
928684
949777
968560
981060
1005492
1025321
1036755
1050363
1067459
1083235
1095540
1112569
1125402
1151753
1164877
1199477
1223341
1237704
1247698
1261093
1271329
1283224
1296611
1312605
1324872
1333666
1342539
1355080
1361608
1367127
1383963
1391098
1401385
1416038
1423013
1431384
1446029
1463163
1482691