7213
10234
20663
27916
39907
47120
61335
73456
87112
93240
121701
131623
146846
154529
172938
188458
202782
209836
227131
232738
241696
253845
270454
277554
285606
291947
297960
304502
308605
314966
318667
324323
330467
335796
340726
347936
356335
364883
375587
409052
466298
471074
480672
488580
498319
512472
524832
556711
571486
578460
590698
597413
613298
647903
663811
678319
689152
700422
724202
735374
744451
766766
778336
801498
815954
835962
855352
863257
872502
894536
910124
956166
988935
1016313
1034779
1051564
1073621
1098943
1113046
1120987
1148793
1173412
1191839
1201625
1215882
1232402
1273950
1310455
1331898
1350825
1381413
1395749
1406194
1416181
1447060
1456135
1480060
1526889
1547890
1567968
1580962
1594629
1612085
1622861
1641762
1654198
1661051
1672142
1695286
1713002
1730701
1746187
1764175
1790032
1819921
1836346
1855184
1877361
1887996
1897727
1918681
1948124
1959450
1991293
2011321
2024808
2043059
2064647
2092179
2110335
2154104
2187840
2212790
2235406
2277261
2298767