8444
23882
44044
75552
96287
123911
143069
172920
190161
210890
229659
250798
267629
287988
301788
317869
333131
355918
378509
402802
414542
429180
454676
465618
504758
533937
552180
566085
602197
631481
658375
676543
691177
707674
724035
743013
765668
779961
790822
809786
825420
843371
862134
885235
916848
939355
958922
991251
1007283
1020522
1038565
1054447
1071384
1084182
1100252
1112956
1132506
1147768
1162633
1179226
1192578
1207970
1222908
1239284
1256537
1275824
1291927
1308342
1324726
1338191
1350102
1364649
1383952
1413852
1443369
1457439
1476315
1500526
1521162
1555433
1575416
1601939
1623463
1641629
1669795
1683544
1697945
1734465
1751944
1771393
1807093
1831904
1850306
1865677
1886568
1901869
1919991
1949479
1968382
1988108
2001016
2019437
2034779
2057197
2089391
2109685
2120821
2133450
2158345
2183873
2197301
2210317
2228823