8700
27869
72388
91662
112941
243740
267178
286859
306486
333449
355563
397621
420092
439764
471381
514512
536195
582053
648432
679143
693241
700956
724253
766727
783909
831877
863731
888202
929011
949004
992932
1029448
1044959
1068036
1108445
1138682
1192546
1232277
1256642
1278265
1349760
1384286
1400489
1410213
1433924
1465513
1505373
1535763
1559184
1575730
1598614
1617466
1678732
1711365
1749065
1777295
1803608
1824823
1860037
1881539
1914240
1942276
1972894
2001738
2022603
2068636
2094316
2131105
2145583
2163889
2201659
2232209
2296726
2352577
2371362
2396999
2416983
2441833
2529459