8960
16062
26160
35344
45381
56391
78438
94388
107365
119725
131626
147216
161211
176475
222201
234148
246437
266580
296353
324298
350491
383375
393759
422798
487292
506957
517796
582803
608015
628026
647305
662257
686924
738066
753148
774636
784246
801222
819379
829183
844897
867516
881318
895478
938109
949691
959887
971340
978822
988667
1011593
1028223
1046009
1062127
1070515
1082621
1095700
1106439
1115628
1124237
1145222
1156689
1174852
1193656
1209239
1221690
1238347
1247225
1264631
1275725
1299331
1328741
1344920
1355838
1369025
1388036
1403290
1424919
1444532
1455896
1479562
1488287
1505787
1531642
1545536
1558582
1571090
1585436
1605699
1619480
1634968
1669144
1681520
1693770
1704222
1718435
1734343
1744999
1754542
1769132
1806180
1824667
1838695
1861078
1872936
1888335
1907788
1922598
1933257
1962107
1984960
2002712
2012757
2029286
2046651
2063930
2084676
2113905
2126541