7917
24328
55095
108181
141251
160454
183310
211268
242895
259405
291728
308167
325391
344529
359806
385361
406476
436431
482998
513702
561623
600360
622507
643697
661511
678717
699880
718738
731599
754092
773478
801513
832560
848982
873345
891469
911902
941974
959373
975162
1007481
1026709
1059034
1076472
1101657
1127752
1140355
1153684
1176046
1194466
1211611
1222069
1233473
1259004
1278043
1300050
1311357
1332874
1353888
1383102
1406867
1427204
1447871
1470412
1481608
1502269
1513517
1533799
1570212
1584490
1620145
1635545
1652044
1672438
1700390
1719786
1733977
1756055