9008
19039
27928
41264
63443
84364
102124
121254
137415
149223
165385
177457
189906
206953
220235
238716
254211
265729
282909
297206
314439
335616
355627
365827
385901
397816
410917
426726
445022
462053
473891
487486
500319
514762
529288
545387
561284
570274
582541
594823
610046
634655
647880
663737
685450
700420
708557
719829
728253
778528
798657
824067
846268
859060
872423
882294
892398
905359
914432
927937
938506
958508
972372
999951
1009583
1022188
1031057
1047789
1060040
1068719
1081471
1095688
1105761
1116070
1132499
1143935
1154416
1168080
1176989
1186202
1195730
1207100
1225260
1238694
1250696
1261873
1279164
1288502
1299560
1312291
1322962
1333512
1344325
1360622
1370911
1379071
1388615
1400945
1411609
1423351
1433095
1440421
1453918
1471471
1483234
1492292
1504035
1512412
1520381
1540334
1552129
1563976
1575307
1589682
1599342
1609396
1626732
1637265
1654643
1667314
1678265
1695432
1707319
1715000
1726653
1735561
1744033
1765571
1778740
1791541
1805486
1814309
1827462
1838302
1846390
1861401
1881339
1893108
1901213
1926820
1941257
1947566
1956043
1962803
1968778
1984404
1994727
2002041
2010495
2019993
2030039
2038637
2047449
2060425
2078792
2091756
2105604
2114222
2132660
2143277
2152550
2163008
2170817
2177770
2197267
2205407
2223745
2237978
2248283
2259315
2270242
2279018
2286629
2302689
2318458
2327472
2337978
2346219
2353796
2361462
2381718
2391885
2400377
2416688
2428937
2441824
2460143
2477647
2487379
2510174
2526485
2537032
2547169
2554355
2564057
2574212
2584095
2604286
2615021
2627934
2639784
2652352
2664993
2675362
2683627
2694124
2705840
2718774
2735017
2744589
2753999
2766807
2776352
2792363
2801747
2813942
2829576
2838952
2846580
2853584
2864885
2877706
2887621
2898818
2909596
2921070
2932807
2973093