8087
24848
34206
51676
71850
92208
105542
142067
168170
183123
230460
251185
287949
307759
336330
367454
410206
430641
485788
540022
560802
586903
611017
633594
675922
701817
717396
732267
756110
775134
795808
809562
837875
864700
896177
919353
979769
1013255
1035156
1064178
1141509
1163535
1199253
1225236
1283769
1308568
1337541
1367789
1385967
1419608
1435865
1456560
1481624
1495539
1511072
1534597
1565173
1582495
1599217
1624933
1681549
1726186
1766333
1809601
1851719
1878386
1904131
1929508
1956687
1971713
1992493
2007693
2025462
2044576
2060716
2081646
2106471
2118844
2136263
2153855
2175551
2204922
2238145
2263678
2291718
2307137
2337874
2370850
2409454
2435125
2467297
2496674
2531249
2558591