7854
19205
28353
47326
97536
125337
150193
201445
235523
274872
312812
335287
367447
405573
433325
514343
540283
559176
600719
663734
701049
723557
751019
809818
842171
897201
921651
984852
1014174
1080354
1127975
1174596
1222915
1241328
1274015
1309559
1365476
1401436
1450480
1471364
1491988
1511904
1532237
1557235
1576229
1616285
1666749
1710561
1765591
1788786
1835203
1849356
1868020
1906498
1937109
1969466
1997813
2056192
2094022
2138147
2175863
2210206
2230167
2277323
2308504
2325276
2346173
2370662
2405135
2420586
2449461
2485772
2523697
2549775
2569511
2607593
2672176
2724702
2774491
2810844
2844783
2891390
2945072
2975239
3010504
3048980
3081551
3113069
3149020