9200
19944
41360
69478
91533
116410
139692
167425
211564
228840
301865
320085
358558
387229
417802
437954
465484
520286
544864
567945
603795
625149
656538
686542
728490
783015
810835
859681
876900
907763
920181
947730
974425
1009046
1029724
1045324
1066759
1080775
1108426
1133675
1183220
1223138
1245003
1262887
1284624
1327604
1385693
1432644
1456475
1485492
1519326
1553379
1591899
1627388
1644714
1667749
1686781
1702372
1737234
1749129
1776554
1807312
1833286
1876097
1910303
1935301
1954908
1988583
2019092
2041566