7476
25893
41470
53504
99983
146437
195741
219963
231471
260758
288827
297843
316048
353764
373342
389533
407108
435581
455894
506143
545575
565603
595835
626323
654274
681646
709643
733497
765962
790818
825192
851009
896067
941006
964982
1048318
1087600
1180845
1215509
1241973
1279161
1293358
1303235
1331487
1349162
1371113
1382715
1397004
1421078
1471906
1597967
1673514
1714218
1858639
1875700
1957741
1988275
2013393
2038581
2086240
2125761
2139794
2159055
2185955
2198551
2215644
2237475
2258993
2275509
2305953
2326585
2352565
2392204
2430101