6942
12093
17329
22878
29577
37487
52736
64001
81346
101019
117859
141179
166959
180624
205047
230515
242844
255313
281944
304233
322905
335661
348995
373780
385656
395965
409383
420959
445306
459537
484981
501090
513530
531782
550983
569082
591388
606343
623180
638205
665682
680171
692524
706605
719838
736360
754299
808174
821251
839041
855378
871858
895348
914238
933087
947144
961048
972786
982681
991503
1016373
1030301
1047173
1059007
1069383
1092993
1114210
1133739
1149096
1169835
1183793
1205529
1219809
1233444
1248788
1262869
1282478
1302801
1320824
1342706
1363769
1392123
1412524
1428228