9837
18024
24141
30656
38082
52506
66886
77180
93566
103727
118803
142326
148942
157521
167385
181815
198905
208198
217456
232848
246885
261667
276293
289222
300119
307583
315674
328855
343773
353273
376555
392442
405329
416622
426248
446288
463808
475430
486535
499181
509723
520551
528247
537404
545979
558941
569202
583355
594158
603925
616390
626950
633887
646392
654243
663484
671502
680276
686291
695726
704758
712459
721729
731765
742029
751561
762938
772229
781048
793255
805037
813343
821822
831419
839120
849837
858670
867214
875100
883473
893553
903956
910748
920770
930720
941169
953316
962992
971429
978954
987582
1000620
1008196
1017975
1027385
1035728
1045433
1059808
1071785
1083990
1093757
1104079
1155286
1167099
1178026
1192720
1204571
1212003
1220368
1229186
1239752
1249519
1262337
1289189
1300397
1312709
1323639
1333887
1343525
1354619
1364239
1374198
1386069
1395235
1406356
1422237
1437377
1447658
1458563
1467192
1479429
1488538
1500705
1509858
1520780
1530177
1538912
1551163
1563724
1573645
1585022
1593730
1603804
1616481
1628073
1639972
1653004
1665541
1676197
1689376
1706423
1724446
1736154
1744855
1752470
1759022
1768018
1780199
1805223
1815360
1828079
1836973
1847075
1856092
1870449
1881994
1892459
1900641
1913286
1924844
1938145
1951145
1960548
1970522
1979682
1988967
1998451
2013694
2022535
2030909
2043970
2051582
2060825