9145
21284
34740
52523
80814
100121
125929
144445
173196
189184
212663
227626
243270
262891
278058
299037
314125
334956
351493
365919
383728
395946
437227
468039
530697
551195
614922
651837
677584
701568
726509
738700
760479
778554
799418
826703
843458
857203
867729
883544
899408
925457
940699
965795
995871
1015391
1030569
1044330
1055185
1065897
1077350
1089936
1097057
1104560
1114365
1123991
1131707
1139672
1147906
1167997
1188898
1204448
1217769
1228491
1239036
1258431
1270292
1275705
1282460
1295347
1314645
1329258
1341243
1349675
1360444
1378914
1392766
1400505
1413127
1423947
1434458
1442353
1452183
1461845
1468930
1485000
1500077
1508019
1516592