7830
18124
37290
97841
126032
167366
232681
292072
360092
406250
449954
464939
474619
491262
499853
537581
569136
595460
625210
643756
687158
750110
791136
852350
880166
897031
924257
944098
959547
999396
1012822
1029663
1057617
1076554
1097899
1122061
1151454
1173456
1257134
1276184
1296848
1340984
1392905
1419483
1445511
1478056
1507409
1545651
1565620
1606897
1627578
1660652
1691167
1732193
1755795
1788005
1812487
1828303
1846721
1868787
1900073
1921688
1939646
1966208
1984879
2011620
2023172
2052182
2084352
2111013
2124597
2200610
2220218
2256135
2284031
2319081