8648
14031
25299
54681
76849
120857
139837
184445
218962
245477
271158
297275
326355
352054
364347
388091
422782
447020
477179
489062
519901
577004
608571
623133
638720
678442
709438
733194
812603
857545
880280
906809
920409
946831
1001148
1046311
1064452
1109067
1126597
1148221
1204726
1224468
1249719
1295158
1324095
1344762
1373700
1426737
1450122
1473829
1511456
1534535
1556531
1576211
1585621
1611772
1658598
1682723
1710447
1733235
1767705
1804683
1828547
1843123
1892069
1918884
1952090
2019957
2046559
2059769
2073273
2082300
2090373
2099452
2120170
2134748
2148094
2167064
2208549
2220637
2238387
2247953
2281990
2303655
2321921
2343650