8293
13809
19834
35377
51003
68777
79965
97726
116465
138498
160655
189794
209353
255736
268396
290023
304704
327668
341450
370533
398095
416189
446054
498235
529829
546886
568342
580793
597520
622138
642982
661388
714836
758560
772776
801062
819237
838296
864023
881786
901797
916410
934232
954106
968563
995981
1021250
1038750
1065692
1086859
1105165
1136707
1154681
1180434
1199890
1219048
1233131
1248327
1273906
1294225
1315224
1342054
1361656
1407998
1431181
1453133
1474049
1488947
1503974
1514476
1529552
1561571
1578860
1592113
1606273
1616366
1630595
1647835
1664546
1676818
1701832
1717438
1732295
1750492
1771407
1796977
1821120
1841753
1857804
1872006