6587
10767
15355
21523
26419
34225
43574
53714
63351
74636
82174
95396
103846
118455
131267
146636
160211
171562
183934
192500
203979
216157
226516
240202
254859
268201
276408
289918
303748
321292
335095
344263
356781
391328
406046
424461
437497
453431
467966
486493
499952
516221
531435
544564
556562
572188
584440
601144
609616
624894
633733
647402
659986
674542
699075
714796
735896
750632
762396
776061
790633
806128
815956
830343
839871
853829
864187
879187
891248
905849
915074
929301
939989
953878
968637
983920
999004
1013442
1025835