10373
16914
24565
30884
38360
45565
55819
66201
78556
91893
99655
107760
115498
122794
131471
138560
149639
159957
174146
186057
197235
207155
213701
222342
234382
246507
257455
269652
277018
284688
291136
300079
306485
315557
322465
335189
343508
349525
356610
364744
373487
386208
393635
401176
409489
419818
431779
453139
463148
473361
487073
503026
514381
521482
529601
536771
544911
555883
563739
576278
590395
607476
622585
630995
644481
660616
667057
675311
685518
699814
713478
723605
739330
752980
762751
772688
783281
792050
799042
810138
820293
831051
842262
852975
862805
875947
888772
902191
913773
926531
938493
948024
964112
970415
976320
986296
994983