12147
18662
28039
41204
58053
70696
86212
104602
119021
133727
150628
162513
172465
201878
228392
238344
251953
284109
292677
321594
355683
371069
412055
443689
462026
506460
559775
587752
606325
630305
667764
698405
715332
754541
772304
800725
824862
841319
869609
887006
912736
938179
949019
958057
975376
987601
1000009
1017066
1036736
1071896
1087229
1104313
1115650
1125106
1161651
1177925
1188191
1214156
1238136
1264075
1293750
1371020
1407800
1427444
1445390
1458242
1470153
1496040
1520595
1543478
1562181
1589452
1604550
1619883
1663716
1688767
1728655
1738686
1753131
1784086
1812585
1832594
1848241
1897455
1916785
2000037
2015788
2051863
2065028
2102592
2136498
2177588
2192608
2229701
2248117
2263450
2293830
2312194
2329356
2346309
2360545
2392754
2480577
2495179
2512524
2540866
2563200
2581041
2602121
2638326
2660556
2682707
2706243
2740437
2773481
2790251
2806734
2822512
2854015
2869113
2901217
2924361
2940818
2958973
2987368
3016964
3051419
3068450
3094285
3120747
3141723
3151989
3170849
3204546
3222257
3238792
3278498
3303366
3314050
3331578
3365850
3382463
3409238
3463886
3504898
3542488
3561766
3570151
3591806
3610274
3645121
3666097
3676101
3690599
3705253
3724400
3741249
3754832
3785107
3818439
3832754
3850909
3861932
3873817
3942545
3981362
3995024
4023732
4046458
4061791
4091884
4116726
4135873
4166645
4212542
4230226
4247728
4342683
4392394
4404227
4423557
4444402
4465482
4483062
4528044
4586009
4610459
4700999
4733469
4763535
4777562
4810032
4817189
4834142
4858488
4874762
4949524
4980453
5013654
5026793
5051165
5066786
5078253
5107719
5121799
5135461
5148678
5161504
5180782
5195697
5214270
5236447
5257762
5312096
5346629
5375285
5401355
5462272
5479617
5511852
5542075
5592778
5626293
5650769
5668924
5687131
5705913
5713384
5770644
5829236
5867583
5930355
5973561
6058511
6095291
6158559
6189148
6238441
6248707
6267044
6301891
6311843
6320489
6349511
6361109
6381406
6447939
6497467
6544226
6629568
6652660
6691686
6705896
6777602
6809001
6876893
6909519
6947710
7008549
7093995
7146710
7181609
7216142
7236099
7302267
7349104
7422612
7470389
7495414
7519080
7542720
7574876
7616645
7672364
7703710
7757600
7771627
7792760
7809426
7830193
7848217
7865510
8043534
8089744
8123833
8162076
8223411