12147
19800
27689
41847
66193
77451
93751
155896
172614
188914
211196
230160
242620
279478
314194
355545
372759
386969
411942
444464
483438
517580
531764
561883
584269
599811
643069
667859
702445
723107
755603
772452
785617
800741
811529
830859
863642
906665
925394
958020
977193
1001643
1017421
1027295
1053339
1074628
1084528
1112609
1121203
1178358
1201946
1215608
1242932
1256202
1265240
1307114
1323127
1338774
1346454
1363407
1370695
1410348
1428685
1437514
1479231
1504125
1532833
1549812
1569038
1586618
1597511
1610650
1632749
1669816
1679585
1738491
1751343
1797736
1842953
1897078
1922442
1985893
1996864
2016273
2070085
2088266
2115511
2133561
2145760
2160101
2182932
2216029
2241733
2279819
2294160
2310068
2327152
2365499
2382896
2413171
2437961
2467296
2488141
2555014
2578550
2600336
2627111
2642053
2659711
2672929
2710780
2730554
2793874
2825011
2853118
2868896
2898544
2938067
2988613
3043104
3076566
3092788
3115044
3131710
3154854
3190328
3216267
3232985
3250487
3273291
3292830
3302416
3310461
3331097
3354999
3389506
3417927
3434828
3447027
3461498
3501413
3512541
3533203
3554362
3592683
3624343
3659190
3690981
3707098
3728701
3737843
3766734
3831099
3878041
3990628
4031039
4086627
4107733
4118756
4163373
4192760
4214859
4232883
4245343
4277996
4307331
4319451
4360437
4381961
4400690
4433343
4448494
4469078
4489427
4511578
4530856
4559721
4575028
4602430
4646524
4682990
4713396
4725412
4765065
4782096
4814958
4850144
4881935
4918637
4931280
4946692
4981722
4998675
5028950
5048176
5112620
5121344
5132550
5157784
5201042
5215069