12147
55980
81005
112325
134032
153623
214880
243066
258791
277155
295048
390473
496216
520170
537071
569854
590125
622725
663606
716712
742730
758246
782853
891862
951212
1036371
1053951
1069467
1081561
1126569
1142608
1161259
1195296
1221496
1280219
1309450
1359030
1382566
1407957
1427052
1444188
1460279
1476057
1545464
1561659
1575007
1631170
1680254
1703032
1720507
1732079
1760239
1773822
1783853
1807128
1820528
1846676
1876142
1912974
1950747
1989460
2007432
2038570
2058083
2090683
2121977
2153297
2163406
2169988
2196815
2205043
2219070
2240464
2276930
2303836
2348792
2376638
2437764
2488807
2516157
2531281
2563437
2578405
2614741
2640341
2670329
2690678
2709433
2740153
2776855
2832783
2877426
2957021
2984214
3040743
3083897
3095678
3138022
3155236
3167827
3202909
3228691
3319466
3347991
3374009
3397858
3407366
3424476
3446366
3477895
3493098
3508013
3526899
3577628
3608139
3639851
3663126
3679217
3692565
3730076
3741805
3752462
3780909
3806117
3827354
3851047
3864839
3931869
3970895
4002268
4018620
4049731
4059422
4073084
4089541
4139173
4177834
4198183
4206072
4227309
4262286
4313250
4344126
4367375
4391512
4403084
4426254
4440334
4457757
4473090
4502190
4516452
4536958
4584056
4603465
4633035
4641263
4677651
4686872
4702440
4718296
4736607
4772420
4814555
4830228
4849192
4870507
4882053
4893938
4907835
4935629
4998009
5022773
5056497
5076036
5105449
5176658