12147
45165
126562
226166
282564
365894
492927
523046
567506
583336
597442
647283
738894
799054
851847
904562
944973
1000013
1054713
1097684
1126157
1143241
1173412
1201049
1224715
1239787
1256871
1287408
1308959
1328733
1338764
1366976
1433953
1478099
1493694
1511979
1535672
1550901
1569474
1585878
1610041
1689322
1725031
1745693
1809275
1853735
1885473
1908304
1981316
2026351
2038785
2074781
2109158
2132407
2191156
2206777
2219812
2258734
2273571
2306485
2340914
2360453
2376230
2393000
2457783
2474684
2508460
2539519
2578415
2607515
2638052
2663573
2704794
2734521
2745910
2775559
2791676
2831016
2851365
2864583
2886369
2907737
2947208
2974296
2991327
3011780
3023874
3044693
3061228
3119376
3142677
3170419
3189697
3225275
3257118
3326159
3350348
3385508
3398360
3410611
3429340
3458806
3469960
3504467
3533802
3559271
3628364
3667025
3697248
3716317
3790922
3806752
3832796
3849122
3881931
3905702
3951729
3984643
3998984
4027144
4039369