12147
29910
49919
61334
72906
89676
133718
153362
170132
181599
195679
206154
234549
246957
272217
281621
292461
311373
319706
366099
386761
401154
418734
433205
446788
489550
505040
521627
537770
547487
569299
608325
627603
646829
675485
709052
726214
749123
779869
801733
819261
834464
854761
873987
911368
923410
949558
963193
981766
993312
1028655
1049631
1085523
1110731
1146126
1155921
1180580
1207355
1223707
1260095
1293505
1316571
1331643
1353037
1366960
1402617
1413222
1420536
1448330
1462331
1516561
1565749
1576459
1606238
1627135
1639856
1660309
1684472
1709680
1724569
1766861
1794446
1810772
1832610
1863121
1873334
1886421
1901833
1921738
1946580
1967086
2026436
2055118
2118621
2159215
2181523
2196647
2213731
2234629
2303775
2325038
2346092
2363463
2373441
2393529
2405780
2418997
2437543
2467400
2498773
2516640
2553942
2581004
2596651
2627057
2640457
2659239
2670445
2682644
2716759
2731152
2760226
2788751
2807245
2842562
2876651
2889059
2902250
2950106
2960763
3001278
3011883
3025231
3048506
3060522
3081002
3119715
3147039
3198003
3228670
3252963
3303301
3324016
3353586
3399927
3450029
3483100
3497258
3547047
3557574
3590096
3639310
3679094
3701115
3728256
3741160
3762240
3807954
3850350
3873677
3894783
3916752
3927723
3935794
3967323
3992844