12147
22987
37458
57128
70920
87821
97904
108561
122275
138235
152001
181467
198655
212395
219787
225194
235747
256305
273101
290603
321636
331118
367584
383048
396997
406139
430903
472307
501146
520502
543150
564544
594689
625905
642362
670339
687553
737838
792669
808682
838148
853063
871818
918446
951255
965099
990307
1008827
1037666
1059504
1087167
1113054
1128022
1175303
1218274
1230238
1247374
1285983
1306123
1327726
1338984
1351653
1363826
1383574
1402983
1422470
1440599
1453059
1462541
1501541
1524032
1564443
1590199
1632256
1663707
1692154
1704927
1722533
1730996
1747009
1762604
1780445
1801342
1812182
1823832
1869729
1899900
1926649
1955618
2002533
2015986
2023666
2039731
2056997
2085757
2112663
2140431
2153910
2166187
2177707
2201373
2231596
2245127
2266704
2276735
2299905
2313358
2320829
2329658
2338696
2348021
2357660
2362571
2377147
2384174
2399403
2416565
2432395
2438664
2444515
2448851
2455747
2459639
2483305
2497071
2506893
2532571
2560313
2583744
2610023
2624416
2656259
2668588
2688623
2715685
2730888
2747083
2784516
2816176
2829002
2839607
2868733
2898826
2948354
2966692
2995348
3038241
3054149
3078442
3096832
3141605
3153307
3170469
3186273
3203905
3254060
3291441
3355911
3393710
3405465
3459564
3481846
3499348
3533699
3555276
3580614
3591272
3616062
3636150
3679173
3691319
3724520
3756102
3778645
3785724
3800875
3838021
3851186
3864821
3905441
3926365
3937623
3947784
3954366
3969517
3994490
4006140
4051593
4083201
4121601
4142551
4150257
4160627
4177763
4196048
4226950
4238470
4252314
4266158
4273994
4288256
4302675
4311190
4339402
4349589
4366150
4379498