12147
36545
64208
74160
90120
103468
115980
148398
156548
171202
191473
221618
245023
262995
271458
286530
319130
344364
351678
378767
393447
402250
415415
428006
454102
472126
499162
514522
530665
555455
574498
596336
617756
633951
663808
682563
716260
742748
762209
784230
800399
866985
921528
948930
976071
994095
1012537
1037196
1092079
1117208
1136799
1149755
1174780
1213806
1243037
1257952
1274226
1289063
1311998
1324301
1375083
1390782
1409119
1436312
1447596
1485891
1525623
1549943
1564284
1581707
1624887
1640351
1710202
1729976
1757300
1788516