7184
19722
35134
73325
99734
129382
148608
174626
193747
210125
222271
237944
261166
287758
301498
315107
339557
360742
384748
411471
432656
446213
458359
486336
530587
559635
580820
594037
627447
657357
684890
714852
730734
744526
778746
799199
844652
881824
910088
928504
968340
986834
1015699
1030040
1051277
1069066
1088736
1113343
1131524
1153493
1174835
1192859
1227758
1244607
1276241
1300221
1316312
1328615
1345646
1374459
1406406
1438379
1455019
1477562
1501150
1523902
1550625
1581214
1603992
1657020
1693643
1731807
1764146
1782379
1835825
1852830
1866962
1885430
1900711
1923672
1952824
1998277
2011808
2046838
2070687
2092708
2114232
2126143
2148451
2165822
2186458
2215244
2242829
2270571
2307455
2335824
2351732
2373753
2398726
2434931
2476648
2505670
2528135
2549790
2568807
2591585
2607911
2642209
2670160
2700880
2719714
2769425
2801764
2825927
2857143
2876290
2895437
2926575
2966124
2977382
3039109
3061443
3094096
3117632
3145452
3160472
3178444
3205402
3224184
3245970