12147
22700
58226
91558
127319
157229
172615
192598
201740
221331
241288
265372
307167
330442
343712
391594
413301
428948
466616
490465
515490
545792
614520
657047
739959
755841
779011
817411
848993
864405
887549
928326
943921
956329
979238
1017690
1039162
1073748
1094201
1118782
1134272
1157338
1173194
1187326
1201432
1226953
1245839
1263941
1274337
1302810
1317464
1333242
1348340
1368036
1393244
1414272
1421194
1443136
1457425
1489764
1513483
1576882
1590282
1597178
1615437
1630091
1662561
1683380
1712611
1722145
1738471
1795757
1814721
1840817
1870910
1890110
1905496
1923285
1946455
1954840
1970069
1990653
2000501
2032187
2051700
2065858
2073747
2098093
2149293
2165410
2211098
2219561
2238787
2273425
2305268
2318877
2328960
2338964
2370728
2390868
2406463
2423129
2445280
2459778
2501208
2512910
2531065
2563091
2595300
2608073