12147
27611
40411
87300
96129
123165
146309
187765
217936
235255
257903
273054
315816
338150
371064
385927
403324
453714
484303
500211
530878
544879
553159
581501
600570
614023
628468
670185
703229
735803
749517
803721
823182
839795
862730
881015
900580
917716
944178
959642
999113
1014943
1047282
1075624
1106082
1125726
1154251
1183403
1212503
1242073
1264120
1280786
1322007
1342408
1369862
1382139
1411187
1442403
1465103
1485739
1509536
1546734
1580066
1614495
1648140
1664858
1691920
1702656
1718433
1741995
1766680
1785383
1804478
1826211
1841597
1851001
1873910
1893345
1940287
1954863
1967898
2009171
2030199
2041588
2075886
2095843
2112247
2141608
2187714
2217650
2233219
2265872
2290087
2317985
2351003
2362731
2372918
2387468
2401103
2413328
2428923
2463874
2481271
2502299
2511023
2524606
2536883
2556474
2582570
2615693
2640300
2657697
2674911
2698133
2719579
2727807
2761844
2772867
2788801
2810796
2835925
2848568
2856169
2879391