12147
22726
34376
54960
74734
95945
138968
150070
168538
185935
206963
222296
233763
252727
266127
294469
304317
333077
359042
385686
400784
452323
470269
502164
533171
563525
587557
600905
619295
633688
659784
720832
748835
774879
788906
803168
844833
884486
920822
934797
997360
1023874
1053470
1090746
1103337
1118697
1154484
1175512
1195208
1209235
1238831
1276551
1292773
1316805
1337938
1348961
1374639
1386002
1398671
1422938
1434745
1443313
1471133
1502924
1527400
1565303
1598556
1640116
1689200
1712318
1741470
1750377
1766520
1782742
1794575
1812547
1861265
1892089
1916043
1935896
2000731
2037511
2056789
2082937
2100830
2116738
2134893
2162217
2200564
2214879
2247845
2261559
2274907
2292121
2310615
2319392
2346663
2361317
2373960
2393917
2460006
2493286
2514001
2523352
2535734
2551590
2562352
2582178
2605479
2646569
2675225
2709288