12147
24111
30902
39731
50206
58382
69170
79305
92209
101926
110023
119035
125565
133767
144895
156780
168926
175508
183710
198129
207350
223728
243110
252122
262701
271896
282606
292767
308806
319829
326464
335815
345036
356477
362380
368283
376459
382258
386960
400804
406394
412167
423190
429537
438366
446150
451034
462893
471539
480629
486349
491939
501839
509858
520124
528587
540629
546637
557869
567194
576989
584015
590101
596762
603162
618548
631217
638035
646263
650547
656555
666847
673795
678000
688919
695658
700856
706890
712715
721074
726690
733612
740194
744530
751321
769659
775118
784078
800352
807692
814039
818688
824147
828065
833890
839114
847708
854996
861578
866933