12147
24738
50938
60838
70111
81082
89101
104878
115614
128283
143564
163808
183556
196460
227937
240528
246797
254842
265421
271559
281746
291803
308207
321738
333989
353476
379572
407470
434741
446835
470998
489179
505401
533299
543956
580475
608060
621173
640529
654086
665867
684466
690604
710457
726783
741019
748777
758442
775369
792400
801386
815727
827377
839497
851252
860133
875545
884322
895162
914440
927579
959213
978360
996933
1013416
1033190
1053722
1073235
1086870
1116257
1139793
1165184
1191280
1206117
1217950
1246031
1278057
1298223
1316561
1337903
1385106
1420684
1428651
1438368
1453283
1463314
1489828
1499362
1512762
1543717
1566312
1587027
1630102
1655493
1679107
1694937
1712778
1736105
1745274
1756428
1767948
1790465
1804649
1824998
1836909
1849761
1884085
1897851
1913890
1920551
1943382
1957357
1987214
1998864
2014302
2037968
2060433
2067042
2084361
2111319
2123727
2133183
2144049
2157136
2175265
2198487
2212514
2226280
2234613