12147
36179
51956
62561
80690
102737
117888
155843
170132
188339
199153
211691
243586
261244
268323
292486
310771
325347
345252
360376
379236
393420
402171
443575
455277
470140
480824
493441
508252
521783
537952
555793
566921
591632
609055
622586
636901
648943
656335
676188
692697
703668
715762
724330
749015
762886
786161
809096
819283
832500
837698
865492
876750
895923
911309
929176
942211
963840
982804
1009239
1038078
1053464
1076373
1089173
1111586
1122270
1135853
1156280
1171378
1198780
1224980
1244180
1255386
1271869
1283571
1294803
1309562
1321865
1336441
1349580
1364678
1376015
1392419
1407413
1419037
1433665
1450331
1462112
1486379
1503410
1514094
1528095
1542984
1570543
1590500
1608341
1623753
1658835
1682292
1712254
1732342
1758124
1780510
1792813
1810576
1826040
1839388
1860651
1872066
1880346
1902811
1928829