12147
24555
43337
48117
55170
75388
88841
100752
108850
119952
137584
146491
158193
173657
203253
229584
262054
298729
329527
384854
401885
442897
489055
499086
519670
529361
555326
572801
606263
648346
661198
715532
733190
747818
763413
779504
797763
822239
832949
854238
873934
885088
923749
937071
949609
982653
1000677
1014365
1032885
1071363
1106105
1122980
1140325
1155031
1172010
1205133
1229740
1266285
1287731
1300452
1315655
1328428
1343317
1371241
1382943
1398982
1411546
1418912
1425991
1438634
1452296
1470999
1479541
1489180
1518097
1526978
1541998
1580972
1594137
1619658
1635227
1648706
1704425
1714847
1726549
1729422
1760037
1775788
1791095
1795117
1811156
1817738
1821525
1836310
1856763
1871783
1896991
1906212
1924419
1937845
1946125
1959969
1983923
1991028
2003854
2022139
2036375
2048887
2055600
2072997
2105153