12147
23823
30275
37354
53706
68752
78600
92810
108143
121726
137373
151531
162215
171331
179664
189198
200482
216756
228902
241493
253718
277620
285508
303506
315992
327903
352118
365074
378030
389732
399763
412432
422071
432154
441688
462690
475333
488368
501690
513784
523632
534655
548865
566131
579793
595753
614404
626315
644391
664426
675319
688092
698123
708154
721998
733622
744671
749764
796079
810994
827033
843281
857073
867626
885911
900670
909891
921411
935647
948838
957876
969735
979870
1014090
1025688
1054736
1073413
1084776
1093161
1103139
1109591
1119047
1129025
1141224
1150575
1157471
1164236
1174658
1179908
1184087
1196233
1202136
1210025
1221727
1227134
1233847
1245184
1259028
1273317