12147
13923
22151
27976
37327
42107
52294
63892
74079
78754
110962
118981
131754
137344
151685
165242
176187
180941
192591
196927
203091
209778
222055
227253
233287
237179
241201
245667
248253
253164
256194
260347
264552
268026
270977
275888
281347
287564
295087
319668
359191
362038
370580
377345
385860
397275
406548
431965
443171
448029
457067
461978
472218
502859
513882
524148
531749
540212
557531
567013
574039
589686
598280
615808
626622
641093
654937
661154
667527
682521
693910
735314
758171
777658
791398
803701
819635
837842
847925
853541
879924
896328
907273
914508
925035
935693
964976
993606
1007450
1019962
1040259
1049819
1056845
1061991
1082157
1086989
1102009
1133591
1148010
1161306
1169560
1178154
1187558
1194193
1205608
1213941
1218460
1224938
1239096
1250851
1260333
1269423
1280498
1296667
1315605
1326707
1338671
1353639
1360483
1366491
1379578
1398490
1405020
1426100
1440127
1449269
1460109
1474711
1494067
1506449
1530769
1554932
1571389
1587924
1619819
1636667