12147
21916
36335
59270
71991
96572
109868
131392
142546
156782
169111
183817
195650
210304
219760
230679
240527
256696
272970
289610
296872
306145
322419
329576
356900
377118
389682
398224
414890
435056
461439
477347
490826
505585
518541
535834
558090
570132
579405
597298
612840
629427
646693
666598
694366
712181
729787
756118
770041
781822
795040
808179
822650
832472
844749
855145
871941
884270
895737
907883
918645
930191
942390
955163
969948
983610
997193
1008843
1021616
1032691
1041990
1053954
1067851
1103508
1129839
1139870
1155203
1174951
1191773
1215622
1231164
1252427
1270111
1283903
1304801
1314910
1324810
1353022
1365691
1380032
1406415
1423838
1438780
1450300
1465294
1476552
1490814
1520593
1534777
1550476
1558365
1572706
1584434
1601152
1625236
1638950
1646525
1654988
1673012
1693178
1702503
1711541
1724053