12147
24973
54830
68361
82049
181967
197745
210701
224415
241681
252521
281543
295832
308475
329320
360353
374250
403402
453113
472939
478973
483805
498224
528865
539653
570451
591427
608067
634137
646283
673006
697221
710439
725537
755029
774777
812184
839011
854135
867797
915966
938927
950420
955383
971187
998067
1024842
1043545
1058278
1069928
1081892
1094274
1135129
1156889
1182541
1200565
1217596
1230500
1253461
1265999
1286531
1303615
1321822
1342223
1354866
1389086
1405177
1427198
1435217
1446371
1466224
1485424
1526279
1562667
1572880
1588292
1598740
1613655
1665926