12147
15673
21446
26905
32442
38215
50806
60575
68046
74681
80219
88264
97955
106288
141135
149023
156494
169320
189199
214119
228068
247633
252753
270777
310509
322603
328872
377459
393419
406323
416171
425000
440516
481293
492212
506892
512874
523714
535678
541973
549914
564255
573345
581808
610281
622741
632171
642907
649568
657221
674749
689455
702881
716438
722106
731692
738614
746947
753477
759485
772206
780643
796133
809612
822176
831580
844615
850623
863658
870867
884947
907621
918252
925984
935753
948082
958922
972949
986480
993376
1005287
1010563
1022579
1038200
1047839
1054787
1062597
1068918
1083128
1090207
1097808
1121448
1129990
1137252
1143390
1153551
1163033
1169668
1174840
1185471
1210000
1224106
1233588
1249209
1256549
1267598
1281051
1290742
1296044
1314878
1329167
1341627
1347452
1357874
1367565
1379424
1391492
1410848
1418005