12147
22596
45191
79777
101589
114441
129644
147119
167834
177917
196986
207957
219921
232015
241105
255629
267331
285616
314794
333941
360272
387230
400526
413482
423878
435215
445742
455903
462407
475442
485081
498925
517080
525909
540615
551508
563367
580268
589854
599989
617255
628148
646668
656385
670856
685954
692798
704866
722159
737127
749744
757006
765652
782997
797285
811626
819279
833568
846812
864679
877609
890696
902842
916556
924810
938158
945681
957906
979613
987449
1007354
1018142
1027598
1038987
1054947
1067355
1075688
1088279