12147
20009
24266
31554
44745
56447
66739
77083
85912
91188
99703
104849
112320
120914
128176
138781
147505
154061
163491
171223
180731
192407
203744
208707
220096
225686
232477
240862
251519
260479
265938
273722
281166
289316
297910
308202
317370
322124
328550
335367
343099
357858
364284
374471
386199
393774
397744
404196
407748
434863
444397
458633
470649
476683
484598
490031
494628
501184
505990
513539
517535
529081
536813
552094
557005
564345
568550
577327
582708
587148
592868
600234
605275
610081
620112
626459
632963
640878
645736
650882
654983
660285
669663
676350
683194
689907
700016
704247
710098
715949
721069
725562
731204
739484
744029
748104
752570
759701
764925
772082
775686
779003
786343
795146
800579
805411
811680
815964
819986
830670
834614
841902
847413
854204
859794
864313
873534
878418
888213
895370
900672
909527
914986
919217
925486
929952
933556
943978
950404
956020
961662
965528
973181
978614
982480
989898
1000921
1007216
1010742
1023489
1028818
1033493
1040128
1044882
1048565
1059667
1065962
1069984
1076018
1082261
1086074
1091611
1098115
1106761
1120161
1129643
1138916
1143618
1155660
1161302
1165821
1171855
1176478
1180265
1191680
1196773
1208345
1217383
1223208
1228746
1234283
1238985
1243765
1254161
1263486
1269023
1274116
1279549
1284407
1288403
1299243
1305251
1309691
1319722
1326331
1334899
1345974
1356840
1362848
1373950
1383092
1389309
1395891
1399156
1405059
1409917
1415245
1427522
1432798
1439407
1445153
1451866
1458710
1463516
1468087
1473860
1480939
1488096
1497108
1502019
1506590
1512728
1518030
1526781
1531692
1537856
1547312
1551543
1556036
1559745
1564473
1571343
1576541
1582052
1587955
1594746
1600440
1624707