12147
23092
27637
39026
50990
62510
70294
97565
113917
123556
148581
161746
183715
195548
211430
229141
252102
262890
297397
330990
342771
358679
373255
386786
410688
424768
433492
441381
453763
466066
476515
482627
497699
512040
530116
541949
566739
591999
604616
622457
664409
677104
696774
710305
743193
757612
772893
788984
798492
822968
831928
843578
857031
864005
874427
890675
912017
922727
932392
945845
989156
1014390
1036985
1059502
1083404
1099547
1112582
1128098
1143823
1152913
1161925
1170022
1179661
1190763
1199853
1211973
1225896
1232922
1242378
1249927
1262935
1280228
1298931
1313220
1331113
1340125
1357287
1375938
1397332
1411229
1425883
1444220
1462296
1476140