12147
19043
23614
33697
58539
73298
85862
114439
132463
152812
170758
181729
208373
230394
245675
285381
298102
308498
329422
364347
393264
404966
419934
452769
469095
504882
517812
553991
569037
602238
628438
654717
681806
691837
708738
729218
760982
782193
813853
827619
840836
853479
865260
890494
903320
928397
957680
985944
1019119
1033956
1059973
1067235
1076769
1096099
1113261
1130580
1146436
1174778
1196355
1220701
1242356
1260276
1272788
1298570
1314792
1323569
1334906
1348280
1364998
1372782
1388429
1409144
1432497
1447700
1459220
1484323
1515016
1544220
1573869
1594845
1613000
1631703
1666158
1682954
1704348
1727492
1747162
1765003
1784516