12147
28734
41351
48299
84452
121363
166345
186929
197247
222899
243117
250953
266104
296092
311425
324695
339610
360873
379289
419256
446397
461600
483386
504075
523405
540959
559714
575727
609085
627553
648947
668173
694373
724884
739173
794787
819681
880781
900895
916255
935428
944779
949925
966878
976778
989760
997518
1006817
1020087
1062353
1141373
1185154
1211380
1301476
1312421
1370647
1389298
1405154
1419887
1451704
1473986
1483259
1496633
1514082
1521918
1532314
1545531
1560316
1571104
1591505
1601954
1617627
1640771
1661303