12147
15778
19173
23352
27609
32075
42863
51326
64517
78649
90116
106076
123212
133034
151580
170179
179243
185643
204085
218243
230076
238983
248047
266750
274639
282736
291147
298252
316224
327482
340700
352899
360996
374161
388241
399212
414232
424681
434712
443306
460781
470106
477132
486039
493196
504350
516444
550821
560747
572267
583264
593712
608758
621349
634488
644153
653975
661628
667583
673225
689786
697309
708463
715725
721942
739104
753184
767185
777346
791687
801352
817103
826141
834369
843825
853411
864669
878148
889485
903617
918454
936922
951707
962234