12147
17867
21315
24972
29386
38032
47932
54697
64963
70997
79356
95107
98947
103675
109578
118276
129430
135281
140296
150588
157170
166391
175768
183918
190631
194862
199172
207766
217352
222707
235376
244806
251284
258990
265311
277588
289447
296787
303474
310396
315542
321654
326225
330613
335341
342420
349081
356656
362847
368776
377318
385964
391972
403361
409290
416055
421958
429611
433947
441418
448497
454165
461531
468453
477047
483864
492902
501182
508026
517534
523829
530176
536706
543602
548826
556166
562801
569096
574111
579962
585578
591377
596105
602505
609819
616793
623872
630402
635678
639700
643827
651820
656469
662111
667466
672612
678071
686090
694187
702049
706933
712340
747135
754736
761188
770618
777644
782267
787387
792716
796921
802641
810608
827169
834326
841588
847622
853316
858906
864496
869589
875362
881317
887037
893619
901586
910546
916501
921908
927681
933271
938965
944711
950222
956648
961924
967566
974906
979999
985380
990238
995331
1000346
1008182
1015313
1021791
1029836
1037019
1042948
1050575
1059482
1067841
1074241
1078786
1082939
1086125
1091036
1098820
1113840
1119378
1124706
1129617
1136121
1140770
1149364
1156704
1162241
1166734
1174649
1180631
1185646
1193169
1198863
1205289
1209991
1214719
1219499
1228903
1233605
1238045
1245725
1249826
1255468