12147
19356
26382
38476
56317
67601
83640
95081
113053
123084
136014
144425
154560
166001
174125
188466
197791
211635
222397
229998
239088
246872
274143
299873
341877
353867
392110
413582
429124
444875
457230
464387
477709
487060
500251
517361
528071
536404
542490
551397
559494
576003
585851
600740
620070
632713
642430
650867
661524
669804
677588
688663
695454
701671
709559
717056
723743
730769
736907
751300
765824
778728
790012
798658
806938
820573
829846
833477
838100
847922
860330
871980
881384
888463
896325
911711
922577
928872
936395
944910
950578
954966
962045
967530
972414
983385
995166
1000756
1006398