12147
19591
33200
73611
92393
122930
170211
212842
258922
290451
317226
327178
333525
343503
349276
373230
393004
408912
427694
439292
463429
505695
530824
576538
595058
605820
621362
634841
643539
668303
677393
686953
704977
716758
729401
744186
761766
775480
827620
839009
849301
878349
911968
928163
942425
962957
981425
1008644
1020477
1049890
1062533
1083065
1104642
1129850
1146124
1166342
1182433
1192620
1204636
1217827
1236060
1249068
1259360
1275138
1287389
1302722
1309069
1331038
1352353
1382028
1391432
1438321
1451016
1475701
1494535
1516112