12147
16300
23379
38294
50702
76981
88736
119456
141869
156079
172327
188522
207251
222558
229820
244866
260565
273913
290631
297710
313853
342248
360533
368630
377041
401308
420220
434508
482442
510157
522303
536383
543854
557071
590899
616237
625771
652285
661506
673809
705364
716727
730415
758339
774404
785270
801701
840754
855591
868417
888688
901122
913190
924265
929045
943020
968855
981550
998216
1009866
1026453
1047377
1061248
1068719
1098263
1111716
1131360
1178249
1192642
1202986
1215629
1223857
1229264
1236212
1253322
1265651
1277562
1293836
1326541
1336127
1350024
1357756
1384374
1408485
1422826
1441686