12147
16222
19330
27166
36622
46574
52947
61410
70814
83718
93984
110702
121151
142597
149728
160803
169083
181229
188935
204765
219236
228718
247473
281615
301337
311106
323827
329913
338820
353526
365124
375155
404098
435262
443098
458275
468906
479172
492154
502237
512816
521410
530343
541601
549228
563412
577230
588697
603221
615498
623125
639164
647810
661916
672365
682683
689030
697206
711912
723928
735526
748743
758695
779410
790198
801404
812062
822902
832515
839359
846699
866081
876634
884575
891863
897139
903774
913935
922973
930417
942511
950661
959124
968084
979812
993578
1006038
1018002
1027406
1034250