12147
14393
17815
21576
24554
29125
34218
41506
45842
52346
56760
63708
68070
74705
81810
91005
97849
102942
109968
114356
119084
126111
131022
137474
144866
151527
155105
161139
167591
176812
183917
188305
195201
215602
222315
233547
240782
250133
257159
270638
278161
287199
293781
300807
307024
313737
320189
327163
331551
338133
342782
348999
355712
362817
375590
382303
395938
403853
410357
416992
423966
430731
435642
441911
447396
454083
458915
465445
472471
479315
483964
490233
496450
502980
512828
519698
528135
534587
540438