12147
15542
19799
23403
27896
31918
38448
44038
51247
58953
63628
68643
73606
77942
83088
87372
93458
100354
108948
115530
122504
128538
131280
136321
144053
152255
158968
166700
170957
175293
179133
184409
188536
194204
198122
208701
213794
217242
220690
225548
230511
238112
242265
246836
251616
258642
265355
280192
286539
293121
300905
312163
319816
324779
330316
334573
339301
345518
350350
359388
368713
381068
390393
396218
405204
415783
419988
424089
431481
441903
451542
458542
469826
478864
484140
491245
498663
505219
509790
516581
522981
530452
538027
544688
551714
560229
568692
576789
584991
592592
601186
607141
618661
622762
625975
631748
636894