4428
12240
20507
32270
49396
60661
75280
92005
105226
120051
135673
147139
156902
183389
205218
214532
228098
247930
257238
284626
317522
333893
366990
394125
411751
457262
508031
534667
554796
581182
619583
647522
664596
703546
723574
751714
774795
791970
813447
830722
861179
894624
905139
913851
931523
944642
958411
976386
997615
1028708
1044680
1063203
1076122
1086736
1129345
1148771
1160688
1188026
1213560
1234797
1266842
1369734
1410138
1432916
1454396
1471520
1487641
1524691
1553584
1581221
1604952
1641152
1658825
1678251
1734779
1760665
1810734
1823901
1843127
1883884
1921483
1943516
1962742
2030384
2069036
2178996
2200126
2252096
2270423
2322793
2370362
2428587
2450117
2515205
2540892
2560319
2602925
2621701
2640376
2655647
2670919
2712626
2824530
2841552
2862334
2896275
2920709
2944441
2969636
3036179
3063814
3091002
3114584
3163752
3209465
3230141
3251271
3271099
3311999
3331074
3377038
3406227
3429760
3469209
3501203
3545362
3591377
3614757
3654764
3686254
3713792
3728162
3757052
3810576
3832505
3855567
3925514
3960316
3974181
4011181
4064406
4087688
4126108
4204067
4263999
4318229
4345966
4357983
4388526
4415312
4473189
4514947
4526891
4547068
4569350
4596386
4617867
4635839
4673343
4714096
4734774
4758057
4771326
4787798
4889437
4938401
4957080
4995530
5025074
5045500
5083351
5114293
5134371
5171774
5224694
5246977
5269958
5383012
5446398
5463269
5489257
5515293
5540626
5564859
5624791
5696538
5731847
5845202
5876308
5919816
5941796
5989860
6000176
6027212
6064664
6090248
6204453
6251419
6304090
6324718
6363071
6386503
6401976
6442230
6473370
6494801
6514627
6534406
6564553
6586183
6613771
6648218
6682516
6770936
6822955
6861909
6902115
7009009
7037648
7086064
7131929
7209282
7255998
7291145
7316129
7343366
7366600
7377414
7454528
7533836
7584172
7644804
7688914
7770376
7806074
7873766
7904208
7953724
7963238
7979712
8011509
8020309
8028500
8055337
8066305
8087041
8146521
8194096
8231147
8306351
8325476
8358727
8370937
8431271
8458006
8512431
8539623
8572241
8622410
8701969
8743375
8771365
8801944
8817266
8862830
8901329
8952051
8994707
9014785
9034962
9055291
9081901
9118351
9160356
9189447
9243771
9256488
9277868
9294389
9312565
9331141
9348117
9515142
9558800
9594700
9631400
9690034