5037
12497
21008
35645
61631
72945
89068
153456
170827
187500
209133
229259
240975
277876
311003
347851
365326
379243
401475
432318
468567
493200
507971
530453
551930
567502
613815
645809
680858
703938
737184
755909
770428
785300
796216
817492
857697
911873
931400
967860
988436
1015972
1034651
1044062
1070347
1102146
1112405
1142748
1153412
1229617
1255399
1269100
1296588
1313010
1321771
1365431
1384357
1402181
1411692
1430769
1439582
1485044
1505471
1516238
1568260
1595894
1628390
1648467
1670397
1690576
1705151
1722219
1749204
1795518
1808988
1860857
1874677
1919438
1966199
2015119
2042103
2112050
2124217
2146949
2228560
2245232
2276924
2296201
2309520
2326044
2351691
2388144
2413578
2454384
2470557
2488981
2507705
2549413
2568041
2601586
2626870
2657409
2680694
2753841
2782538
2808868
2840661
2856885
2875209
2885923
2918116
2936293
2993318
3017452
3041176
3055496
3082331
3115365
3162880
3210948
3242840
3256665
3276035
3290105
3309281
3333113
3354893
3369063
3382681
3403759
3422085
3431398
3438957
3456732
3481213
3518618
3545102
3562076
3574394
3588461
3624562
3634624
3652749
3671125
3710727
3740024
3767857
3797347
3811567
3836151
3843660
3868293
3934685
3976040
4076927
4103413
4148782
4166604
4175516
4212668
4236098
4259783
4278257
4289524
4324573
4354361
4367027
4407231
4428461
4447088
4468550
4482932
4503660
4524889
4545968
4563943
4591329
4605801
4631986
4674794
4711946
4742587
4754452
4794918
4812693
4847840
4892201
4920692
4954884
4967052
4982275
5018022
5035045
5065487
5083362
5156761
5166226
5179040
5206880
5253542
5268166