3839
45696
70981
103825
125353
145181
205274
233412
250035
269261
287334
384118
495167
519316
536386
570432
591959
620849
650842
704514
730950
746021
771006
875298
932593
1017110
1034323
1050596
1062213
1097758
1113083
1130053
1164755
1191537
1247164
1275002
1317010
1339791
1365676
1385002
1402126
1419748
1435371
1513628
1529299
1544170
1592487
1635995
1659126
1676510
1689728
1721472
1736692
1748359
1773193
1787311
1815500
1848422
1882633
1921483
1970599
1989976
2024323
2044800
2076441
2100377
2132420
2143484
2150295
2178831
2187445
2202100
2224033
2247111
2271195
2322615
2350453
2418989
2469409
2497452
2512367
2552024
2567651
2603642
2629531
2657769
2678406
2696579
2722664
2759866
2805779
2851292
2932450
2955732
3015916
3059826
3072497
3114972
3133145
3145514
3179660
3205747
3299522
3328313
3354246
3377007
3386318
3402742
3424121
3456916
3472585
3487055
3506685
3549642
3579034
3603965
3627049
3643771
3656088
3692736
3703102
3713964
3742106
3765738
3788017
3812351
3826071
3889607
3929363
3962914
3980792
4017491
4029356
4045730
4065155
4118277
4161586
4185220
4194583
4218665
4257819
4307086
4332320
4360758
4388648
4403367
4428602
4445576
4463702
4482477
4513568
4529439
4553123
4614405
4638189
4672034
4681798
4723655
4734771
4752345
4772071
4792798
4835608
4883875
4903299
4926632
4949113
4963234
4977753
4993377
5024931
5098383
5127219
5167426
5188906
5211636
5282383