4620
36616
114571
199247
244169
312612
415951
443691
483044
496314
508930
541649
616202
668924
704824
738320
759849
810516
858333
900491
928937
948466
974201
1004140
1029627
1045899
1066177
1094716
1116143
1137274
1148489
1178080
1241215
1283975
1300447
1320173
1346258
1362431
1382959
1401284
1427469
1514391
1555644
1578476
1637770
1685185
1729348
1753579
1833788
1884609
1899063
1936312
1976817
2003550
2073545
2093325
2108393
2157323
2173993
2211246
2249196
2269774
2286546
2304924
2374667
2393043
2432948
2461186
2503292
2528128
2564984
2592765
2635272
2668248
2680465
2712959
2730284
2760232
2782103
2795521
2817804
2841333
2883537
2924143
2942619
2964451
2977668
2999999
3018584
3080226
3106614
3133849
3152477
3183024
3215018
3294521
3318177
3350467
3363485
3375907
3394257
3422544
3433310
3468556
3497066
3524604
3590992
3633552
3662142
3680214
3785765
3803185
3828768
3847392
3882141
3917101
3966817
4003167
4019039
4050586
4064604