4358
21733
43860
55578
68301
85173
139298
160236
178422
191540
207811
218625
250267
260084
287270
297231
309247
329329
338690
390566
412403
428724
447046
463320
476536
525414
541184
560362
579286
592056
619593
662551
684830
707216
739459
780077
798097
825885
860833
887369
907296
923869
947401
969781
1008335
1022001
1054347
1072073
1094049
1107319
1155795
1181229
1224990
1254782
1309906
1321823
1351363
1382956
1403003
1446060
1495629
1526321
1543894
1577940
1593112
1630874
1644393
1654055
1686958
1703838
1783656
1856812
1869580
1904328
1925556
1942230
1966712
1997104
2027094
2046421
2094289
2131237
2151262
2179102
2216451
2230471
2246093
2267473
2289752
2319592
2344476
2417727
2455029
2540343
2602497
2627528
2647757
2671912
2697746
2788521
2816220
2846464
2869039
2883158
2907969
2923938
2938311
2957586
2999346
3030543
3049311
3088565
3120859
3140086
3176333
3192558
3214687
3228557
3242475
3282929
3301056
3334702
3368197
3390075
3432686
3472590
3488511
3502281
3558407
3571475
3624244
3637312
3653336
3682276
3694943
3721477
3767843
3800135
3849004
3885253
3913747
3976644
4003175
4041326
4100589
4164175
4205933
4224960
4281392
4294312
4339321
4403657
4455684
4485522
4518065
4534540
4560925
4617712
4673542
4702480
4729600
4757390
4771610
4782776
4825384
4859178