4417
14529
34207
60042
77519
98897
111361
125432
141754
162182
180108
207495
229635
246157
255119
261178
274596
300031
320909
344392
388201
398514
445188
464777
481049
492064
524108
575277
609023
631705
659640
682575
719975
762531
781259
810697
829787
887271
964871
985199
1024804
1041773
1064968
1128154
1169612
1186594
1217537
1237314
1263405
1289686
1321528
1353570
1371156
1434993
1494024
1509696
1532482
1582643
1609882
1640624
1655394
1671614
1688388
1713621
1739008
1760836
1785171
1801549
1813059
1860173
1888414
1938231
1961964
2023896
2067356
2106661
2123432
2146966
2157934
2180710
2201537
2223421
2248553
2262571
2278044
2336074
2377327
2411226
2446373
2508457
2526584
2537097
2558277
2582060
2610897
2649600
2695211
2712237
2727959
2742679
2773719
2812781
2831254
2859743
2873262
2902753
2919976
2929389
2940605
2953221
2964436
2977055
2983365
3001185
3009748
3028374
3049302
3064423
3072482
3080392
3086052
3094512
3099170
3128160
3146483
3157199
3188192
3224489
3252379
3286075
3304651
3346207
3363330
3390568
3433426
3451101
3472628
3520493
3560647
3578524
3593044
3626188
3664942
3729780
3760171
3799275
3862691
3885524
3919119
3956120
4019707
4036330
4059961
4092053
4121595
4200196
4250764
4351452
4405353
4420472
4490466
4524514
4557820
4606086
4637128
4671875
4686056
4716096
4739936
4798410
4814727
4853981
4894590
4921270
4930984
4952165
4996874
5013348
5028577
5081211
5105543
5120014
5133983
5141591
5160019
5193813
5209436
5269518
5309943
5359209
5384645
5394507
5408028
5429654
5460195
5502806
5516675
5535100
5553724
5563586
5583364
5601290
5611905
5649053
5661973
5684652
5702723