8432
32365
53602
64720
80366
95585
108705
144251
152266
167236
187963
220058
245255
263786
273900
289121
315118
342965
350828
381379
397599
406311
420182
432248
460388
479262
512263
529442
547376
571156
588329
619872
640281
654700
682737
702113
732828
756127
774605
793981
808604
856927
904550
928692
953175
970510
987330
1010764
1054928
1079568
1096539
1107459
1130341
1151524
1177161
1190230
1204197
1217366
1240348
1251611
1289827
1303696
1321869
1346557
1357317
1393616
1430487
1451178
1463807
1479188
1526047
1540268
1598545
1615917
1639854
1666988