4538
18010
34441
74147
104437
135375
156506
192819
215351
232938
246248
264531
300837
329490
344530
359855
394011
418220
453211
482104
504942
521421
534531
564384
613482
639376
662758
678487
715485
748027
779424
812363
830996
846617
885174
907813
960251
1005831
1037582
1059565
1111344
1133390
1164125
1178544
1198173
1215166
1232639
1255970
1272140
1292819
1314310
1330589
1362988
1378454
1411000
1434533
1450255
1461219
1477139
1511636
1545134
1575077
1591225
1612456
1635388
1656262
1681514
1710103
1731836
1783467
1818813
1854964
1885104
1902530
1954751
1970585
1983964
2000780
2015505
2036328
2064468
2096414
2109429
2140434
2161913
2182290
2201716
2212685
2233687
2250050
2270531
2297478
2321562
2342939
2384599
2411694
2427665
2447339
2469871
2502947
2541461
2568848
2589585
2608911
2626483
2653521
2669197
2701037
2727679
2754369
2773146
2821776
2849965
2874704
2904143
2924633
2943779
2973020
3008142
3018399
3079789
3100983
3132727
3155114
3183203
3197523
3215008
3242096
3260871
3276454