4200
15464
46606
80856
115950
144993
160359
178869
187484
207756
225383
247488
280714
303151
316221
360945
382375
397542
434283
457340
481866
511960
573962
610335
685763
700375
720856
756312
783697
797020
816847
848637
862110
873677
894349
930264
951192
971878
990602
1013347
1027121
1048352
1063032
1077661
1092397
1116275
1135048
1151071
1160182
1187871
1201044
1219667
1233332
1251218
1274863
1295338
1301598
1321373
1333443
1358433
1378815
1426931
1438995
1445003
1460824
1474693
1503994
1521165
1548403
1557366
1572400
1614875
1631697
1655148
1681455
1699835
1715053
1730021
1750301
1757032
1773051
1792729
1801647
1830940
1850117
1861380
1867388
1890520
1946703
1962028
2008839
2020007
2037031
2067823
2097561
2108635
2117854
2127063
2162262
2181442
2195258
2211337
2233068
2247137
2276730
2287745
2305068
2335561
2365913
2378828