9906
25127
38193
83253
91525
117302
138481
176993
203279
218499
238778
252244
290398
310624
331704
346423
363748
411814
440052
454371
481109
494477
501535
518558
533473
544987
557654
594705
625707
655898
668113
726645
742867
758288
778316
792785
810358
826031
848910
862130
900632
912749
931474
955015
982707
999711
1022843
1042368
1068505
1094291
1112015
1127234
1149166
1165689
1190572
1200697
1225279
1250717
1279705
1293322
1313249
1344594
1382594
1410184
1430708
1443177
1464707
1472516
1485684
1506411
1527043
1541711
1557832
1576207
1589076
1596486
1615412
1630983
1662686
1674101
1685015
1720913
1739040
1747752
1780397
1795518
1810620
1835304
1873154
1899439
1912114
1933638
1952613
1975044
2001229
2010742
2018604
2030270
2041033
2051449
2064166
2093205
2107923
2125647
2132711
2142723
2152987
2168256
2187134
2215171
2235199
2249580
2263096
2290184
2308459
2315418
2342607
2351418
2364988
2384061
2406042
2415654
2424016
2440638