4051
14281
25638
44415
60936
80463
112769
122782
139105
154173
172602
186369
196843
213316
224281
247669
258188
282572
305357
328151
339707
381716
397044
423182
449168
474861
495642
507458
525632
539451
557726
608465
633850
663239
676167
688535
723332
756798
789813
800877
857505
881385
906037
939036
950153
963768
995023
1011747
1030441
1043659
1074048
1104362
1118391
1140219
1156242
1165906
1186684
1194995
1206209
1226848
1236160
1243921
1261897
1283479
1304114
1333712
1360639
1394676
1426882
1444055
1462780
1470751
1483168
1495805
1506318
1519838
1557901
1583444
1603730
1620352
1656134
1677959
1691990
1714074
1726189
1736702
1750230
1769407
1795892
1807257
1833593
1844267
1853972
1867440
1882862
1889670
1913152
1925170
1935233
1950763
2001793
2025928
2043904
2051761
2061225
2073090
2081702
2097229
2116265
2151511
2179650
2205532