3763
15226
21837
30653
40861
48523
58484
68448
80167
88777
96489
104950
110508
117115
127479
137995
149058
154969
162227
175095
182806
198578
216450
225114
234527
243442
253451
264265
279736
288351
294606
303769
311881
323848
329607
336014
343725
349732
354090
367008
372214
377925
388339
396498
405658
413621
418628
429239
437403
446216
452123
457831
468395
476757
486620
494531
505545
511103
521918
530435
538842
546151
552863
559270
565677
579896
594216
600825
609538
613793
620152
631217
637625
642080
652696
659405
665214
671922
678078
687041
692651
699760
706269
710824
717833
736066
741818
750130
766600
773611
780318
785180
790935
795593
801499
807457
815467
822829
829187
834244