8729
22100
45582
56045
65559
75322
82730
99152
109467
121836
138206
158706
179029
192148
219684
231002
237761
246222
257939
264396
275513
285174
301700
315971
328187
347115
372149
399185
426072
437488
461420
480446
496519
525210
535269
571218
603425
617841
638170
651641
665057
685235
692145
713628
731097
745818
753629
763642
781266
799942
809354
824527
836944
852614
866533
876996
896572
906137
917753
938230
953001
990803
1011330
1031708
1049535
1071259
1095344
1116174
1131092
1164338
1192627
1221464
1260319
1277693
1291360
1322953
1360057
1382336
1402563
1424995
1474800
1508245
1517360
1528723
1546300
1557815
1587904
1599320
1614893
1649188
1672172
1696404
1739714
1769801
1803951
1823426
1844504
1879501
1889817
1902737
1915953
1942240
1957808
1981793
1995109
2010632
2042026
2058898
2076220
2084508
2107290
2123364
2164617
2178389
2197263
2224899
2250596
2258958
2279485
2315184
2331556
2343373
2356640
2372412
2394292
2422629
2439804
2456377
2466028