4728
31368
49190
61506
81585
107469
125092
159841
178217
199343
212463
226282
270141
290219
299081
328469
349701
367422
391807
408730
430961
447934
459157
506775
520690
539019
551084
565988
585438
601312
618785
638410
650978
688681
708605
724430
740852
754571
763483
787116
806140
818308
832627
842840
871580
887050
913031
943372
955940
972760
978427
1010063
1023581
1047962
1066389
1087065
1102039
1126772
1149200
1180393
1213694
1232417
1252198
1268814
1293599
1306368
1323750
1348834
1365956
1404010
1427992
1450772
1464242
1483668
1496386
1509654
1527176
1541708
1559032
1574249
1592625
1605996
1623270
1639242
1652758
1668831
1686805
1698623
1721704
1740426
1752746
1769519
1785940
1815280
1837361
1856808
1873580
1910230
1946928
1976872
1999452
2037003
2062638
2076155
2095182
2111855
2126974
2151057
2163475
2172387
2196570
2225059