4469
18788
39416
43972
51986
75264
89585
103451
113216
125686
144009
153621
167090
184063
207844
236382
261422
299270
332916
400358
418132
468805
518774
530240
553472
564192
593476
611951
650051
694964
709384
760003
781280
798805
816429
833753
854531
878011
890932
915913
940197
951765
981603
996875
1010394
1046643
1065417
1080590
1102069
1154743
1196797
1215775
1234297
1251323
1269447
1301189
1330129
1372938
1398072
1412548
1428122
1442788
1460110
1487197
1500668
1520793
1535964
1544727
1552438
1566412
1581176
1601703
1611268
1622992
1656038
1666603
1682825
1724483
1740002
1764237
1781510
1796480
1863371
1875987
1889505
1892560
1928210
1946436
1964960
1969416
1986739
1993800
1998104
2014978
2044018
2061692
2088027
2099792
2120373
2135343
2145303
2161428
2187564
2196575
2211794
2232775
2248748
2264216
2272133
2294309
2331536