4311
17026
23825
31285
49910
68685
78399
95421
113094
128719
146490
162414
173978
184493
194856
205570
218488
236070
249180
261699
276318
300902
309562
330092
344612
357780
386067
400493
415210
427877
439940
455312
466528
478595
488910
512589
526057
540837
555547
569969
580735
593601
608973
627547
640966
658089
677563
691085
711759
733092
745456
760938
772002
782868
798240
812110
824876
830384
881372
895694
913866
930943
946563
958079
977403
994680
1005443
1018361
1034783
1049602
1059168
1073186
1084252
1116846
1129364
1162006
1182585
1196502
1205666
1216833
1223889
1234506
1246020
1259287
1268302
1276312
1284332
1296309
1302718
1307626
1321143
1326951
1335768
1348980
1355488
1362549
1376168
1392038
1407711