7894
10205
18810
24166
34380
39637
51057
61164
71084
75887
107027
115390
128256
134517
149654
162920
175037
180693
194714
199171
206632
215693
229512
235068
242028
246735
251641
256949
260253
266162
269015
273522
278428
282489
286539
292748
298906
306414
314928
344150
390513
394521
404380
411793
422207
436476
446989
476681
490600
496459
507774
513779
526549
554186
566905
579519
588885
599096
627537
637699
646460
665038
675201
695878
708995
726471
742343
749603
757914
777040
791110
833624
858952
881682
898560
913977
932953
954880
967149
973706
997992
1018777
1032449
1040711
1052274
1065243
1100690
1128580
1146504
1161625
1194468
1206033
1214697
1221119
1245353
1251110
1270034
1306886
1323208
1340381
1350443
1359658
1371022
1379685
1393804
1403768
1409877
1417787
1436162
1450481
1462148
1472461
1486981
1512467
1534646
1548014
1562984
1583413
1592273
1600486
1617659
1640590
1648951
1675439
1693110
1703927
1716545
1734469
1756396
1771717
1799207
1826244
1844374
1862844
1896746
1913565