4205
14118
27640
50966
62083
81458
94979
115354
127170
141692
155011
170031
181545
195466
204575
215692
225506
242429
258452
276025
283685
293947
310972
317983
345920
366198
378515
387427
404451
425478
451162
467835
481104
495825
508940
526264
548645
561066
570726
589153
604474
620894
638468
658697
685392
703165
721592
748129
761650
773213
786282
799499
813017
823033
835598
845660
861733
874149
885114
897732
908948
920561
932680
945497
960418
974787
989756
1002175
1016095
1027860
1037222
1049739
1064758
1093500
1119686
1130650
1147724
1168650
1187676
1215065
1231337
1255570
1274846
1291367
1331073
1343089
1355555
1401371
1416291
1432864
1463604
1484682
1502457
1514972
1534000
1546919
1563339
1589776
1607398
1623623
1634135
1649908
1663376
1683253
1711692
1727764
1737977
1748191
1768669
1791750
1803717
1815283
1830504