4523
19743
56343
73567
90489
209751
229329
245351
263075
284105
298224
333771
349793
363912
387747
423994
439364
473963
524932
546911
553738
558793
575268
607162
618278
653375
680911
699188
728625
742645
772336
799123
812943
829715
861906
884940
926397
956238
973761
989230
1041605
1067091
1080606
1086265
1102486
1125919
1157161
1178989
1195914
1208380
1221748
1236069
1281829
1306518
1335002
1355782
1375208
1389578
1414911
1428982
1451811
1471589
1492074
1513497
1527366
1560311
1577384
1602518
1612282
1624996
1647079
1669113
1715472
1753734
1764398
1781172
1792738
1808860
1869042