4450
8658
15325
21703
27814
34173
48753
60219
68790
76548
82008
90832
101092
110458
149109
157875
166332
180004
202943
225020
240296
263322
269484
289210
337225
349443
356204
409084
426615
440538
451050
460667
477988
520204
531772
547543
553351
564566
576334
582790
591307
606224
615986
624598
654840
667609
677872
689136
695745
704057
722930
739063
754083
768407
774561
785577
793586
802849
810763
818220
833341
843206
860230
875949
888868
899230
913202
920261
934432
942893
958313
982857
995173
1003636
1015300
1029170
1041087
1056306
1070935
1078645
1091913
1097373
1110690
1127665
1137727
1144888
1153248
1160470
1175989
1183909
1192688
1218376
1227492
1235150
1241709
1251376
1261887
1268997
1274755
1284748
1309232
1323148
1332461
1347633
1356050
1366907
1381189
1391853
1398063
1418691
1434662
1447728
1454493
1466377
1478893
1492410
1505762
1528037
1537149