7672
17534
34957
60695
81323
92890
105806
122228
143008
152371
172497
182612
193826
204743
214154
228224
239188
255860
284148
302475
326655
349589
361003
373021
383185
393948
404014
413574
420284
432702
441514
455632
471854
479566
493583
503347
514764
531687
541500
550362
566483
576546
594123
603685
617204
631506
638120
649733
667457
681475
692450
699407
707820
724944
738713
752532
759741
773508
786077
802951
814667
827533
839350
852167
859526
872047
879703
891773
912250
919862
939087
949451
957862
969127
984248
995864
1003825
1014620