3479
10538
14793
22506
35674
47639
58050
68267
77380
83187
90697
96105
104465
113178
120988
132052
140964
148083
156835
164498
174962
186278
198044
202802
215017
221373
228134
236496
247560
256427
261880
270044
276102
284461
292521
302434
310945
315308
322416
329523
336883
350902
357961
367673
378339
385551
389455
396315
399366
427006
435768
450598
463014
469071
477833
483541
488247
496115
501317
508679
512581
523397
529956
544476
549182
556793
561298
569960
575018
579576
585631
593595
599358
605209
614822
623189
630193
639605
644913
650571
655727
661736
672099
679658
686371
694132
705493
710452
717209
723868
730731
735835
742897
752523
759028
763585
769191
777552
784170
791634
796438
800345
809208
819823
827183
832737
840100
845809
850614
863034
867843
875452
883110
891872
897880
903787
914703
921364
933678
942788
949298
960064
967024
971979
979389
985097
989955
1002423
1010232
1017544
1024654
1029408
1037670
1044276
1049386
1058299
1071066
1077922
1082181
1098254
1105065
1110118
1117779
1123287
1128543
1141461
1149372
1154479
1161789
1169497
1174717
1181577
1189638
1199352
1214319
1226187
1238753
1244839
1259908
1267121
1273327
1281089
1286895
1292104
1305272
1311781
1326751
1338069
1345677
1353185
1360445
1366555
1372563
1384631
1396294
1403656
1410214
1417173
1422883
1428040
1441106
1448567
1454323
1466592
1474901
1484616
1498335
1511653
1518817
1533636
1544851
1552056
1560321
1564824
1571736
1577492
1584200
1598371
1605581
1614148
1621356
1629514
1638024
1644382
1650091
1656950
1666364
1676028
1686841
1692750
1699407
1707219
1714228
1725092
1731607
1739814
1751680
1757537
1763346
1768455
1774762
1783575
1790434
1797543
1805401
1814316
1822025
1852068