4416
16683
22088
35354
49977
63343
72956
104850
125477
136245
167488
184859
210644
225417
244243
265969
292909
307228
358898
402356
417577
441361
459135
476208
507221
525747
536210
546124
562346
575864
588392
596450
614976
633303
655433
670053
699090
722425
738847
759775
813759
829930
852660
869135
910792
928866
947643
968268
980341
1017437
1027951
1043022
1060746
1069958
1083527
1102803
1129089
1142506
1154723
1175151
1225471
1257164
1283800
1314143
1343882
1360453
1376176
1394099
1413379
1423841
1436308
1447523
1460842
1474410
1486026
1500195
1517168
1525577
1537845
1547958
1564033
1585412
1621608
1639035
1675184
1687749
1712683
1738371
1766406
1784433
1805312
1828541
1850673
1870249