4544
12504
18411
30428
60771
79209
96081
131929
155118
181204
204887
218505
252753
278836
298215
359546
376800
389079
414694
458821
499717
515088
534115
574120
595349
635592
652558
696838
717227
763469
790403
822459
856114
868895
891613
916798
954067
981156
1022151
1039646
1056989
1072995
1087372
1116822
1134248
1166441
1200387
1234085
1275786
1294211
1326209
1335819
1348285
1379128
1408367
1430618
1450202
1485852
1512638
1542129
1567565
1601160
1615080
1646975
1667600
1678566
1692083
1708157
1730034
1740149
1759674
1785512
1814400
1833325
1847298
1879590
1917893
1953640
1991493
2017578
2040159
2062037
2103695
2124825
2150560
2178102
2200977
2224069
2249053