4124
11685
27106
47183
63206
79727
95899
124088
155533
167746
222672
235643
262825
283257
304034
317950
335876
371327
388045
403279
427462
440830
463010
483087
511177
550237
566511
594147
612129
644918
653129
678664
702897
734041
751314
764233
782964
794071
819106
840036
881288
909329
924601
938266
953590
982980
1025939
1058432
1078611
1098341
1121825
1144154
1169638
1193724
1206090
1222613
1237631
1250399
1284246
1291754
1310682
1330960
1348234
1378529
1399453
1416374
1427640
1450222
1471950
1486871