3845
19717
31934
38841
74640
111246
149549
169726
180440
205171
224260
232323
247191
276279
291500
304569
319039
340568
358142
397113
423750
438578
459316
480901
499333
516204
539338
554307
577349
595685
617012
636401
661983
691774
706546
763723
787957
842031
863510
878329
897604
906768
912128
928641
938852
952173
959330
968352
980811
1013758
1092776
1135936
1161919
1250692
1261355
1318192
1336930
1351599
1365568
1394056
1418704
1426815
1439083
1455504
1462912
1472535
1485254
1499124
1509188
1528111
1537875
1552898
1574878
1593704