3359
7371
10573
14628
18684
22888
32905
41265
52837
66055
76870
92542
109166
119281
135905
152277
160095
165952
183938
198956
209274
217584
225493
242117
249078
256495
264665
270517
286289
296352
307917
318483
326342
337409
350026
359294
373607
382820
391629
399792
416114
424428
431336
440046
447258
457674
468586
505096
513155
524023
533433
542749
556667
567733
578995
588159
596422
604033
609890
614495
628663
635824
646687
654351
660357
674182
686293
698360
707523
719990
728899
742871
750332
758091
766404
774762
785379
797807
807971
820336
833153
848326
861794
870856