3668
9626
13032
16435
20995
28703
37963
45175
55288
61448
69010
84176
87838
92037
97744
105459
116271
121177
126134
135746
140914
149227
156637
163947
170053
173611
177968
185527
194088
198794
211013
219923
226337
233290
238951
249914
259927
265985
272795
279003
283711
289618
294125
298984
303536
310197
315203
322163
327519
333277
340687
348198
354406
364070
369477
375283
380696
387253
390855
396964
402419
407277
414637
420348
427858
433516
440875
448285
454746
464207
470214
475322
482130
488843
493496
500455
506775
513036
517694
523450
529259
535128
540233
546191
552399
558458
565218
571928
577285
581387
585545
593756
598313
603667
608476
613380
618240
625349
632710
639219
643174
647583
676367
683028
689387
698397
705807
710515
715077
720179
724285
729540
736502
750119
756728
763338
768795
774053
779008
784015
788670
793785
798986
804245
810458
817160
824721
830680
835785
840243
845599
851307
856967
862524
868431
873386
878694
885551
890758
895563
899970
904176
908329
916039
922651
928758
936317
942777
948387
954592
962906
970813
978625
982691
986544
989852
994708
1001566
1014132
1019039
1024396
1029004
1035063
1039526
1047731
1054537
1059396
1063601
1070611
1076270
1081980
1087786
1093192
1098849
1102756
1106661
1110967
1118779
1122882
1126287
1132596
1136352
1140557