7943
15502
21710
32676
49734
60449
75280
85001
102176
110137
121011
128222
137081
147148
154457
168028
175594
186501
195714
203172
210882
217040
245980
264108
301958
312320
349021
368449
380915
394188
406354
413959
427128
436089
449318
467143
477618
486309
492365
501079
509240
526162
536024
551448
571033
584200
594463
602836
614352
623166
631826
643740
650754
657262
665221
673684
681445
689298
695956
711588
726447
740367
752343
761004
769916
784345
794558
798714
804072
814734
828254
841932
853299
861557
870421
888310
900781
907350
915513
924628
931135
935989
944352
950560
956419
968939
981953
987972
994029