4377
12438
27965
77687
99592
134593
187016
234942
293048
329511
360354
370865
378031
389094
395952
423540
447669
466395
487034
500501
538867
587392
616233
660692
681150
693616
710990
726159
736775
765114
773235
784251
804287
817967
832937
849870
870147
885517
937060
950538
962705
994163
1033463
1051353
1067871
1090599
1111978
1141229
1153950
1185940
1199710
1221889
1244070
1271520
1288808
1312540
1329910
1340674
1353445
1368125
1387611
1402842
1414011
1430391
1443469
1462553
1469616
1497200
1523486
1547072
1558094
1620878
1635098
1665541
1688221
1715553