4224
9229
17602
36179
52203
85252
99471
139729
166413
184141
204516
224394
247186
266278
275671
294843
314279
331753
353933
362818
383155
422510
443242
452699
462911
492654
514033
530054
581235
612737
626353
643479
652041
667740
704192
733095
744558
775271
785985
800557
837854
850982
867406
903112
922039
935860
955934
1001497
1018027
1033893
1057927
1072096
1085462
1097882
1103588
1120781
1151724
1167595
1186771
1201092
1220718
1246614
1261807
1270976
1301863
1318736
1342266
1395987
1411559
1423514
1436632
1445745
1452302
1460715
1479792
1494121
1507637
1527665
1566016
1578134
1594508
1604176
1636965
1658143
1675317
1698149