4122
8581
12378
22398
33107
45033
52644
63408
75527
91444
105970
126159
139979
165222
174437
188757
200569
216692
226505
247733
266158
278275
301358
342763
367474
379933
396767
405231
417807
436192
450961
464429
504207
535849
545810
565938
579657
593527
609659
623226
637195
649362
661534
676348
686562
704847
723024
736542
754979
771148
781915
802592
813656
831891
845056
858876
867086
877912
896067
912044
925417
943156
956373
989868
1003440
1018858
1033880
1046949
1059125
1067993
1077400
1103836
1116952
1127319
1136981
1144492
1153753
1168122
1180238
1189851
1205925
1217039
1229408
1241372
1255440
1274270
1291039
1306413
1319229
1327077