4693
7596
11402
15456
18861
23869
29426
36383
41042
48753
53710
61970
67584
75496
84602
95123
103534
109847
117554
122963
128870
137531
143740
151501
160014
167330
171786
178947
186759
198173
205631
210943
218253
242737
250146
262760
270922
281236
288851
303967
312076
323092
330755
339314
345629
353437
360596
369064
374284
382195
387801
395463
403425
411085
426917
435328
451851
460114
467670
475332
482642
490353
497110
504672
511180
518590
524548
532170
540582
547992
553223
560784
567441
575004
586428
593888
603512
611077
617883