3711
7864
12173
15728
20282
24787
32653
38259
45767
53379
57734
62838
67347
72051
77011
81317
86872
93631
102044
109105
115662
121523
124573
129282
136140
144105
150116
157420
161468
166125
170232
174885
179544
185201
189155
200122
204977
208182
211836
216194
221148
229111
233619
238480
243979
251792
258801
273472
279129
285738
293350
304964
313025
317581
322640
326843
331601
337958
343474
352179
360792
372907
381920
387828
396387
406003
410413
413912
421021
431186
439947
446957
457824
466083
470791
477600
484408
491018
495529
502333
508643
516050
523213
529670
536984
545094
553101
561312
569325
576686
584797
590857
602774
606527
609530
615689
620329