11964
21185
32051
45504
63032
76171
90015
106393
119532
133246
148893
160465
170365
197689
217751
226998
240268
261009
271196
300374
333340
349483
382345
409878
425917
469672
518259
544773
564312
588710
623452
650671
667284
704168
723028
743873
768271
785590
806749
824538
844573
870590
881456
891069
908962
923015
936050
953865
974867
1004594
1021573
1039858
1051665
1061460
1097143
1115611
1126373
1153984
1179218
1199567
1229555
1305440
1331222
1351179
1369987
1383361
1396265
1422465
1446445
1470138
1490226
1524054
1541947
1565587
1627340
1647480
1678826
1688491
1702414
1729868
1756930
1778663
1793134
1833754
1853894
1918547
1934481
1968858
1980874
2008328
2041216
2076037
2091605
2124858
2143561
2157118
2184677
2201943
2218452
2234804
2246846
2271087
2352144
2366798
2382288
2407783
2428184
2444458
2463684
2496937
2518357
2538183
2554770
2585150
2618325
2633894
2647895
2663150
2690735
2704344
2735821
2756274
2772417
2791408
2818235
2847753
2880615
2897568
2919954
2939336
2958614
2968618
2987791
3026817
3043744
3059130
3103825
3128092
3139638
3156251
3190602
3208339
3235767
3293758
3335318
3376382
3395817
3404568
3428313
3448139
3485128
3512008
3520994
3535988
3553124
3572141
3591158
3606100
3633789
3658187
3672345
3690212
3701183
3713721
3785296
3822337
3833961
3858777
3879962
3895739
3923089
3945397
3962846
3993957
4024389
4040088
4055813
4123914
4167982
4179110
4196507
4215889
4235663
4251388
4295090
4344905
4369146
4448610
4471676
4504929
4520262
4555971
4564173
4583973
4610304
4628981
4713696
4753297
4789084
4805593
4835398
4866379
4880667
4917212
4932885
4947983
4962663
4979303
5002055
5019165
5043902
5072584
5097635
5158657
5198807
5231878
5265549
5347181
5370090
5410135
5450938
5515773
5558169
5590743
5611066
5632172
5656100
5665582
5733657
5804318
5851155
5925290
5979180
6080796
6122774
6196622
6232879
6283086
6294449
6314929
6353276
6366441
6376733
6406695
6419233
6440836
6508937
6560528
6602532
6677660
6724497
6759762
6773450
6839827
6870076
6932482
6964377
7006956
7052696
7135922
7183412
7217136
7251748
7272933
7325151
7365405
7417049
7472689
7496199
7519839
7543114
7572580
7612495
7655727
7678401
7738038
7753084
7774556
7792684
7812040
7831501
7848637
8025041
8071591
8110043
8147816
8209700