11964
21159
30014
44015
71025
82492
98923
161982
178543
199310
224309
243822
257013
296666
331435
370461
390183
404132
430541
467530
508333
533750
549945
572305
597278
612585
654145
683297
722376
747140
784625
804948
822110
837835
849877
873439
912570
960687
983544
1015648
1036467
1064992
1085106
1095999
1125230
1151718
1162715
1195289
1206600
1276869
1301998
1316731
1348104
1367852
1378718
1419678
1438616
1455987
1466279
1487203
1496763
1539734
1560919
1572282
1616219
1645998
1680584
1701978
1723189
1744086
1757251
1773629
1800482
1845595
1861529
1907269
1919102
1950083
1980855
2014997
2038716
2092946
2104074
2123900
2167785
2182596
2208953
2227186
2238314
2251140
2272586
2302731
2325196
2361662
2375141
2391467
2406200
2440916
2455910
2482737
2505306
2530305
2548799
2603212
2627061
2650492
2677084
2690589
2706497
2719793
2755868
2776557
2827521
2854557
2879347
2895908
2922944
2956302
3002956
3046711
3078632
3095219
3116926
3133957
3156683
3182518
3205740
3222954
3237190
3261144
3282198
3292829
3301318
3319290
3343923
3370620
3397395
3414139
3425946
3440574
3475107
3485451
3503109
3521786
3560734
3593230
3623532
3651900
3667965
3690639
3700957
3728908
3792829
3830889
3941386
3970538
4018368
4038586
4048956
4092371
4120922
4148246
4170319
4185600
4219298
4252290
4267362
4316315
4340556
4362472
4388829
4406095
4429474
4451939
4477486
4498253
4528946
4545664
4575757
4624423
4666663
4701092
4714780
4760703
4780425
4819869
4858478
4890425
4921510
4935929
4952804
4983471
5004029
5037439
5056403
5132079
5141718
5156242
5185394
5229384
5245423