11964
51591
78523
112612
138212
158665
218563
246775
263127
281882
299593
403560
520562
547703
563611
594984
616900
645895
677215
735128
760910
775773
802600
892722
953744
1039974
1057711
1073018
1084773
1124296
1141484
1160631
1196575
1225257
1285678
1315248
1353674
1376269
1402286
1421355
1438360
1455548
1470751
1546819
1561865
1575814
1621972
1658778
1682993
1700390
1714208
1739050
1754566
1765197
1791188
1805085
1833245
1865427
1901110
1940084
1980051
1999355
2025738
2046792
2080568
2104208
2137200
2147857
2154962
2185734
2195817
2210053
2231081
2253389
2276794
2326348
2359941
2418220
2470909
2503405
2521716
2557216
2574300
2612177
2642061
2671631
2693678
2714314
2740358
2779776
2827214
2874809
2960177
2983321
3033371
3076551
3089455
3136527
3155178
3168970
3204757
3231558
3329073
3357807
3387273
3414283
3425646
3444166
3467650
3495183
3510229
3525014
3545546
3589327
3619838
3644027
3667014
3684907
3699483
3736759
3748487
3760999
3790491
3817162
3839679
3862405
3876641
3936696
3978727
4014175
4030292
4069057
4080785
4098522
4117957
4178352
4221976
4245042
4254080
4279026
4319254
4370166
4397411
4426328
4455846
4470056
4495342
4511250
4528725
4548343
4578645
4594187
4617697
4674931
4697944
4731224
4740419
4780360
4791671
4809146
4827980
4847728
4889210
4938346
4957650
4979279
5006237
5020264
5033508
5049416
5080971
5150143
5178433
5216232
5236450
5257165
5318552