11964
41090
114755
183927
226689
286352
376396
404712
446847
459464
472420
505543
572886
617032
652401
687405
708381
756681
805843
847038
874362
893614
918247
948862
975010
991989
1011685
1038930
1062205
1085898
1097365
1129077
1201383
1246156
1264180
1284346
1311304
1329668
1353674
1373736
1400746
1487341
1527778
1551836
1615052
1663848
1696840
1723275
1807128
1854879
1870160
1908873
1949258
1975798
2034704
2052441
2067121
2100897
2118111
2149039
2188274
2210739
2228423
2247283
2316481
2335785
2371834
2404905
2446413
2470759
2506807
2534627
2580915
2616650
2628196
2659830
2676522
2705935
2728243
2743576
2764918
2788611
2828708
2857677
2875779
2897617
2911488
2934606
2953257
3014801
3038624
3068377
3087315
3118061
3152568
3216045
3240939
3274271
3287593
3301176
3320715
3349162
3361126
3396861
3430768
3463577
3534760
3584366
3620049
3642644
3733367
3753977
3786003
3807345
3844386
3875027
3932705
3977322
3996966
4032466
4047982