11964
34142
59611
75519
91427
112638
164987
189594
209577
223252
241642
254233
287826
299894
329621
341767
355716
379382
389360
447639
471514
489878
510227
527546
543297
595254
612938
633104
651572
664032
689788
728867
750966
775155
808121
845815
864779
891476
928569
955605
976137
994971
1020126
1043009
1071534
1085744
1112859
1127827
1148751
1161577
1200786
1224139
1255877
1282913
1321757
1332232
1360104
1389700
1407672
1445288
1480030
1503723
1520206
1544343
1559755
1593688
1605756
1614951
1646559
1663799
1725448
1784928
1799425
1834011
1855013
1869301
1891217
1919089
1949103
1965978
2012475
2044475
2063884
2089693
2124749
2138672
2153405
2173049
2194521
2222811
2249142
2319045
2354127
2420765
2467889
2492496
2511095
2531888
2557435
2653435
2677702
2702753
2727752
2739951
2766883
2782425
2802722
2830202
2864291
2900261
2920087
2971940
3006343
3026274
3061043
3078649
3103308
3117727
3132825
3172452
3190450
3222319
3254214
3275216
3317377
3357657
3372076
3386809
3442319
3455040
3500780
3513997
3530245
3558091
3573189
3597953
3645730
3678226
3721981
3757246
3785562
3839478
3866044
3905070
3960763
4025938
4066297
4083825
4136514
4149470
4188810
4245809
4289929
4317775
4342748
4357481
4382375
4433601
4480934
4507578
4530356
4553160
4565672
4576486
4613658
4641635