11964
22935
37615
58199
72592
92053
102188
114099
127578
145393
159290
181441
198916
212107
220074
226709
238150
259387
276236
294756
321453
331484
370223
386392
399505
409065
435396
477505
507154
528025
550699
571074
601950
630397
647063
670390
687552
739692
796247
813017
841464
858025
877773
924506
957786
972492
1000521
1017761
1039808
1062534
1090485
1116999
1132489
1191917
1231179
1243743
1262603
1303876
1325845
1348049
1360222
1372760
1385246
1404968
1424377
1442192
1461392
1474218
1483282
1520872
1543912
1585394
1602452
1644692
1678076
1704642
1717598
1735256
1743406
1759784
1774726
1792410
1813151
1824044
1835877
1878743
1911030
1937230
1963901
2012149
2026699
2035371
2051697
2070113
2092970
2118361
2143177
2158119
2170762
2182699
2206365
2235935
2249936
2271826
2282248
2306855
2321666
2329215
2338357
2348361
2358183
2369363
2375371
2390809
2398175
2415233
2434433
2449244
2456767
2464185
2469670
2478055
2482574
2508252
2522593
2532780
2560025
2588420
2611381
2638078
2652628
2685098
2698237
2719657
2749253
2764769
2781748
2820644
2854133
2868866
2880020
2912072
2943236
2996369
3015908
3043023
3089520
3109425
3133118
3152239
3195994
3207670
3224623
3240975
3258581
3309363
3345229
3405545
3441332
3452747
3506115
3528057
3544853
3570244
3591716
3613815
3624708
3647539
3665641
3707332
3719374
3744347
3775171
3798237
3805760
3821537
3854764
3867511
3880128
3913564
3934200
3945667
3955515
3962568
3977222
4001646
4012904
4058696
4090774
4126248
4146571
4154616
4166162
4182514
4199441
4230474
4240714
4255185
4268899
4276788
4292252
4306906
4315657
4344914
4355676
4371767
4385089