11964
40933
62719
74030
91088
106552
119900
145473
154171
170131
191629
223211
249359
269447
279242
294784
322212
347446
355622
386263
402380
411313
425419
438219
465072
484716
511021
528131
547148
571206
588917
610677
630451
645053
672220
689617
721747
744787
762445
781827
796142
847289
886786
910452
934589
951855
967267
990620
1032598
1054436
1071285
1082073
1102161
1121700
1146202
1159132
1173081
1185959
1206177
1217775
1254947
1269836
1288853
1312154
1323360
1360532
1398435
1420351
1433699
1450077
1482965
1498220
1554775
1573217
1597066
1624416