5956
20871
38399
81945
112142
143488
165874
195366
218902
237684
252704
271564
298574
329267
345671
361657
389817
416148
442035
474374
500156
516169
530353
563711
621964
649183
673581
689541
727862
756884
791496
828380
849173
865447
906171
929184
983153
1024034
1057026
1077924
1123037
1145685
1180689
1194821
1215927
1234369
1252680
1276451
1294031
1315529
1339326
1356671
1393268
1411057
1437310
1462701
1479079
1491905
1509511
1538271
1574058
1605692
1623612
1646077
1671311
1695004
1722484
1753543
1779064
1832824
1875717
1918453
1952229
1972787
2027539
2044832
2059329
2078346
2093888
2116666
2146471
2178810
2194248
2228154
2251455
2274704
2296098
2307487
2331467
2348263
2368116
2395413
2419706
2442275
2475711
2502094
2517663
2538116
2562880
2598197
2631137
2660002
2681265
2701431
2719586
2742704
2757280
2796986
2823683
2850693
2868926
2919890
2947501
2971011
3000163
3019911
3040208
3070327
3107238
3117922
3171995
3195217
3227713
3249812
3278729
3293488
3309788
3336432
3354926
3371644