11964
24110
54908
87404
121049
150097
165796
183559
192754
212502
230683
251998
285983
308709
322005
366099
388224
403793
438379
460739
484771
513714
569720
607754
675803
691345
712504
749179
778018
792411
813517
846509
863018
875164
898073
937073
957762
979234
1001307
1025104
1039445
1064914
1081580
1098115
1112221
1137612
1158509
1178100
1188157
1219059
1233321
1253017
1268742
1290266
1317537
1339270
1346166
1370433
1384800
1415389
1438167
1487094
1502715
1509611
1529307
1545320
1579226
1599758
1631888
1642702
1660256
1710776
1731621
1759781
1789769
1811529
1829840
1849484
1883234
1892716
1911471
1935895
1946892
1979205
2001539
2015592
2023585
2051065
2092364
2111328
2156754
2171147
2191888
2229243
2263489
2276367
2286868
2298988
2330099
2352956
2371137
2391695
2416145
2431975
2467292
2479569
2499813
2536149
2569899
2585467