11964
30223
46053
83434
94196
123949
148295
191579
221698
239565
263049
278591
320935
345098
369209
386789
405074
455777
486862
504442
535005
549868
558436
577818
597279
610288
626823
658117
684840
718825
733897
780368
798888
815763
838959
857323
876287
892195
916488
931273
964579
978998
999817
1025913
1050572
1068857
1096886
1118672
1146152
1174677
1194216
1211300
1243221
1260984
1286139
1298338
1323911
1351470
1371532
1386578
1408050
1441486
1470873
1497962
1521498
1536936
1561334
1572697
1590669
1613264
1638446
1698057
1714749
1733165
1745573
1753279
1773158
1790033
1823077
1834701
1846221
1882217
1900659
1910742
1944857
1961914
1978162
2004833
2044957
2069564
2085133
2108564
2128808
2151952
2174809
2185101
2193669
2206651
2218771
2230029
2244683
2273914
2289665
2306827
2314663
2325765
2335587
2352018
2372994
2401389
2423175
2437255
2451674
2471553
2490753
2498511
2526253
2535735
2549919
2568257
2590957
2601353
2609921
2629408