11964
22857
34141
53419
69432
87978
121780
133979
152081
169269
189252
204951
216000
232431
243872
268688
278954
306330
331172
358365
370982
417218
431898
460685
488218
517501
540332
553079
571495
586907
608458
664281
691552
716133
730474
743483
785148
821092
858865
871847
926887
952852
973959
1010870
1024871
1040518
1074477
1094434
1114731
1128654
1156970
1192862
1208587
1231391
1251975
1263495
1286979
1297088
1310070
1331908
1343140
1352204
1374434
1398701
1421427
1457058
1488169
1523669
1557419
1579205
1598613
1606972
1620634
1633460
1644901
1660261
1705766
1734082
1755293
1773369
1815765
1840790
1857299
1880887
1896638
1909333
1925215
1947210
1975396
1987647
2016642
2028632
2042450
2057627
2074345
2082834
2108799
2123140
2134738
2153415
2207279
2234341
2252940
2261351
2271382
2285540
2294813
2312419
2335171
2368059
2391621
2433782