11964
24450
31398
40854
51146
58773
68804
78887
92026
100306
107855
116945
123475
131128
142726
154585
166131
173105
181098
194760
203275
217981
236998
245043
254185
263014
274534
285087
300943
309903
316982
327143
336076
347909
354282
361100
369798
376015
380873
393934
399707
406028
416111
422484
431470
439385
444583
455685
465219
474544
480238
485880
495545
503381
514483
523129
535275
541100
552881
561814
571374
579445
586680
594490
601934
616797
631138
638008
647385
652243
658825
669900
677371
683274
694376
701507
707384
714019
720889
729274
735752
743614
750640
755655
763752
780574
786738
795907
812416
820540
827488
832869
838903
844049
851258
857475
866408
874297
881611
888037