11964
26253
51017
61152
70843
81474
89676
105218
116163
130112
147561
168798
189696
203227
227468
240006
248286
257428
268739
275713
286815
296610
313354
327825
339815
358884
378710
404858
430719
441559
465591
485130
501195
528179
538941
571698
599231
612004
630864
643350
654765
672658
679084
697395
713643
726808
734670
744204
761549
777588
785973
803004
814811
828682
842291
853001
869040
877451
888161
908327
922981
953544
972273
990898
1007224
1025770
1046171
1064195
1077204
1107297
1130963
1157425
1181980
1196399
1208728
1237697
1265700
1284795
1302140
1323090
1352530
1381630
1389362
1400046
1414230
1424313
1449364
1459055
1472429
1501242
1521330
1541548
1576734
1601680
1637363
1652592
1671713
1693838
1702301
1713115
1723877
1745663
1759011
1779517
1791219
1805246
1831943
1845343
1859658
1867625
1886041
1899912
1926400
1938155
1952966
1975588
1997191
2004322
2022398
2045385
2059256
2070462
2082347
2097027
2116409
2140389
2154129
2168287
2176698