11964
34063
47960
58330
76563
100647
116085
148398
164332
182722
193641
208478
244788
263857
271745
297893
317380
332635
354133
368813
389293
403660
413534
447937
459639
475181
486047
501328
517680
532151
549391
568303
580658
607041
626241
641470
657300
671249
679346
701680
720226
732555
746687
757266
784851
800367
826306
849711
860891
876303
881501
914624
928077
950463
967782
988053
1003021
1028020
1049440
1081231
1117044
1135538
1155521
1171037
1196428
1209201
1225109
1251623
1269334
1295691
1319410
1341823
1354492
1372882
1385499
1398194
1414468
1428678
1444665
1460390
1476873
1488680
1504902
1519739
1531677
1547663
1564198
1575012
1597477
1615423
1626342
1641388
1656878
1685534
1707032
1725787
1741904
1779050
1804284
1829753
1851878
1880717
1905637
1918175
1937009
1952734
1967649
1989121
2001006
2009495
2032613
2052857