11964
24032
42343
46052
52634
72069
84973
95918
103441
113916
129824
138287
149206
162737
184470
209678
230471
266624
298415
353063
368684
407057
450550
459118
482837
491300
516168
533121
562221
602136
612637
655268
673057
685883
700041
714695
731047
749019
758240
777178
795333
803979
824354
836187
846505
872000
886132
896972
912018
940308
972595
989653
1004255
1017499
1032310
1054174
1079173
1113419
1132697
1143511
1156180
1167255
1180786
1202467
1214404
1229293
1240891
1247238
1253298
1266960
1278427
1294779
1302903
1311523
1330540
1338899
1352508
1383515
1396393
1415566
1429123
1441400
1481288
1492546
1502968
1505528
1534262
1549021
1564877
1568481
1582639
1588725
1592016
1606148
1624877
1637938
1663146
1672628
1690130
1702041
1709642
1722598
1746238
1753604
1765385
1782469
1796444
1807859
1814232
1830872
1863394