11964
23797
29674
37066
53079
68621
78129
92339
106053
118199
132566
145810
155344
165009
173159
181883
192149
207691
218636
229294
240396
260249
268085
284725
296427
307555
332449
344439
357343
368941
378345
390988
400470
409691
419591
440619
453732
467629
481552
495971
506132
517678
531392
548293
561667
577340
597140
608660
627703
647242
658892
669236
676785
684465
696533
705780
716124
720617
760427
772835
786862
801804
814316
823302
839680
852662
860968
870790
883537
895344
903076
914204
923007
943147
953230
979143
995861
1006388
1013545
1022583
1028434
1037185
1046745
1057847
1066258
1072631
1078848
1088173
1093057
1097314
1108572
1113587
1120979
1132133
1136991
1143260
1153421
1166351
1179621