11964
13662
21446
26618
35212
39417
48533
56631
67654
71807
99967
106471
118617
123998
137242
148396
158688
163076
175458
179219
185279
193481
206516
211191
216520
220751
225609
230493
233470
238668
241437
245851
250840
254444
257526
262881
268732
274609
282080
306609
347124
350493
359061
365748
374420
387429
396780
423189
435257
440063
448761
453672
465192
488806
499098
508972
516181
524226
540813
549093
555728
571871
579995
596713
607057
622103
635686
641197
647388
662434
673901
707834
732101
750830
764492
777474
793669
813130
823108
829011
849908
867540
879086
885486
895595
905887
936058
958235
973908
987413
1007605
1016773
1023591
1029050
1048067
1053160
1071132
1104647
1118178
1132989
1141243
1151091
1161801
1168409
1180190
1188392
1193381
1199937
1214696
1225589
1235097
1245467
1256960
1272999
1291154
1302282
1315212
1329605
1336266
1342509
1356223
1375396
1381978
1402562
1417922
1427143
1437748
1451854
1469329
1479934
1501458
1523270
1538891
1552997
1576637
1590168