11964
21420
33096
51616
62378
78129
89649
106889
116110
128230
139123
151766
162371
176320
184966
194474
202963
217330
230521
246037
254291
263538
278506
285193
308912
326858
339187
347676
362095
378343
400938
414338
425753
438396
450255
466895
484684
495498
504144
519242
532355
545860
560906
577728
600532
617354
631747
654081
665679
675239
687281
698252
710189
718078
728187
736441
748979
758879
767917
778757
787220
796415
806733
816555
828388
840848
851610
861223
871567
881859
890531
915765
928486
949984
969993
978247
990681
1005231
1018527
1041567
1055333
1072338
1086000
1097990
1117085
1126750
1136598
1160682
1172019
1185498
1208747
1224760
1236724
1247721
1261017
1271413
1284134
1303046
1315663
1329142
1337422
1350195
1360643
1375846
1397318
1410222
1417902
1426313
1442691
1460924
1469335
1477824
1489265