11964
27167
53185
67369
81657
175149
191005
204902
218459
237058
248395
277051
291287
305549
327047
353300
368006
397054
442298
460740
467531
472938
489081
514889
525808
557442
578392
593752
619822
631420
655740
679563
691788
707226
735359
754219
789223
813960
827987
840578
884437
904368
915470
920981
936497
956114
981740
999555
1013870
1025834
1036857
1048194
1079540
1098661
1122014
1136825
1151558
1163626
1183583
1195547
1215008
1230498
1246354
1265188
1276159
1301628
1316361
1338251
1346270
1356901
1376597
1394621
1430069
1464054
1473484
1490306
1501016
1514860
1565015