11964
16692
23118
29309
35212
41820
53758
64572
72225
80035
86069
94219
104328
114463
143223
151268
159418
171747
193454
212915
227857
247474
253325
270722
312648
324220
331116
371214
386365
399635
410136
420584
437798
467316
479384
494352
500229
511331
523138
530217
538341
552917
562007
570836
599884
612266
622035
633137
640581
648783
666598
681200
695332
710195
717509
728088
736786
746111
754208
761574
775889
785711
804048
819303
832860
845059
860210
867550
881264
890302
905609
930007
942232
951035
962006
974649
986195
1001633
1017358
1025194
1038751
1045673
1058473
1077202
1088669
1098882
1107815
1116775
1132213
1142688
1154913
1179859
1189080
1196760
1203656
1215202
1224997
1232859
1238762
1249550
1277501
1292939
1302865
1319505
1328073
1339175
1353516
1363390
1369790
1388833
1404584
1417723
1425011
1436844
1449017
1461529
1473075
1492719
1500843