11964
21629
39862
64756
86986
98715
111201
127867
147171
157045
177525
187608
200172
212397
222114
238362
252311
271720
298077
318504
348466
375502
389451
403426
415024
427458
440022
451437
459012
473196
484010
499161
518439
528052
543046
554435
566503
584501
595576
605162
624048
635306
655106
664797
681933
698128
705520
719182
738382
754421
766620
774300
784095
803425
818340
834196
842476
857783
871732
890487
904096
917731
930792
944480
951846
965403
973866
986012
1008686
1016992
1038464
1049905
1059413
1071690
1087990
1100136
1108782
1122522