11964
19487
24554
32860
45999
58224
68646
79460
89125
95943
104093
110832
118877
127419
135856
145704
155421
163466
172687
180393
189797
199880
211086
216258
227072
233236
239845
248413
258783
267795
273150
281143
287856
295379
303581
313246
322075
327482
333777
341012
348535
361674
368283
378784
389990
397643
402527
409423
413837
440377
451217
466002
479141
486429
495989
502389
508031
516782
522685
532428
537286
549772
556772
575057
580594
589162
594255
603868
610189
615674
622021
629988
635761
641664
651695
659113
667106
675465
680767
686644
692338
698346
708377
715952
722482
729770
739827
744816
751216
757563
763754
768665
776345
785801
791391
796563
802100
809989
816780
824015
829056
833078
842299
851415
858102
863953
870875
876256
880827
892529
897596
905328
911910
920634
926433
931788
941401
947278
957413
965641
971779
981992
988209
993355
999937
1005605
1010803
1022819
1030551
1037395
1044421
1049070
1056514
1062600
1067798
1075922
1087912
1094860
1099744
1113954
1120536
1125760
1132969
1138089
1143313
1154179
1161937
1167030
1173821
1180847
1185575
1192027
1198949
1208875
1221962
1231627
1241997
1247874
1261954
1268589
1274440
1281597
1287082
1291966
1303198
1309101
1321195
1330729
1337416
1344599
1350999
1356458
1362492
1372496
1382579
1389344
1395848
1402039
1407289
1412304
1424137
1430641
1436231
1446235
1453288
1462718
1474708
1486619
1494037
1506027
1516580
1523371
1530345
1534733
1541054
1546461
1552338
1566339
1573026
1580235
1586582
1594026
1602515
1608732
1614087
1620408
1629054
1638170
1648410
1654261
1659616
1665754
1671056
1679101
1684586
1690855
1700964
1705692
1710498
1715095
1720267
1727685
1732752
1739230
1745917
1753022
1759526
1782801