11964
23092
27976
38921
49631
60863
68151
88056
103389
113393
138287
151060
172663
185201
201161
217461
242355
253639
282138
307842
320563
336001
350943
363063
380042
393051
401175
409769
421863
433226
443675
449944
464520
478495
495997
509371
535493
554327
567832
584184
626397
639562
659728
675453
708889
723413
739687
759827
770955
789737
799167
811679
826516
835031
847099
864862
889495
901224
912456
929592
966842
995106
1021332
1047245
1075509
1093115
1106855
1122868
1139168
1148415
1159386
1168424
1179499
1190810
1200135
1214058
1228529
1235791
1246422
1256035
1269357
1288687
1308618
1324108
1343151
1354618
1372538
1394794
1419793
1435388
1450878
1468327
1488336
1502860