11964
20636
26356
37014
64050
78678
91399
122249
141057
161928
179952
193823
210489
229845
245440
287967
301733
312782
335090
378192
397966
410504
426073
460241
476410
504491
517029
552059
567053
599497
621074
646987
672691
682068
698943
717960
741522
763282
788202
800584
812704
826836
837911
856353
869623
894073
915467
938062
968494
981947
1005901
1013163
1022044
1040930
1056943
1071023
1085129
1110493
1132148
1152706
1171252
1187160
1197922
1223286
1238672
1247005
1258786
1271194
1287154
1294546
1308626
1326519
1347469
1360922
1372233
1405460
1433933
1462040
1489416
1508981
1525333
1541058
1570158
1585648
1605135
1628122
1645728
1661897
1679451