11964
29413
42186
50989
90355
132908
175957
197116
208740
233843
253591
262185
278250
310850
327594
342849
358679
381483
399794
442974
472596
487773
510316
532885
553129
572198
591920
607880
633271
651844
674648
694683
722372
753771
769287
824405
850370
903424
924112
940752
962094
971210
976747
995058
1006969
1022067
1029381
1038758
1053073
1087633
1170963
1218479
1246586
1338066
1349481
1407472
1424321
1437774
1450756
1481162
1503810
1515695
1528573
1545918
1553258
1563811
1577577
1592414
1602941
1621069
1631361
1645519
1668062
1686974