11964
15856
19643
25285
30718
35916
48271
56081
67914
80557
91162
105790
120653
130971
148368
165974
174855
181620
199566
213254
224147
232192
240969
259463
266855
274352
282737
289084
307421
317216
329807
340412
347961
359454
371365
380246
393934
404043
413943
422067
439255
447797
454667
463444
470157
480475
492700
516471
524960
535356
546118
555861
568739
580285
591360
600372
608940
616411
622445
627695
642036
649977
661340
668784
675445
691249
705355
717763
728238
741482
750807
765357
773272
781631
791270
800334
811801
824914
835937
849520
863338
879351
894345
903670