11964
17919
20896
23743
27478
34374
43255
49132
57125
61957
69454
81757
86197
91734
98055
107171
116705
122164
127414
137523
144236
154345
170410
177750
185247
190706
197732
206456
215024
220117
234197
243992
251280
258385
264184
275834
287510
295869
303131
309948
315459
321963
326821
332150
338941
346516
352680
360542
367020
374020
383371
392696
399200
410093
416858
423884
431224
439008
443919
451755
458729
464423
473356
480618
489708
496943
506190
514366
521863
532573
540488
548115
555586
563684
569822
579435
586644
593514
599548
606627
613340
619922
625642
633322
641968
650039
658084
666103
673495
678693
684596
694182
700529
707634
714295
720538
726702
736341
745013
753476
759510
765857
803212
812041
820191
831188
840513
846521
852659
859790
865563
872485
881392
900200
908271
916839
924231
931179
938075
945337
951789
958789
965659
972790
980652
989533
1000191
1007531
1014688
1020905
1028402
1035873
1042952
1049796
1057371
1064189
1070353
1079678
1088350
1094932
1100783
1107809
1113843
1123534
1132389
1140800
1150386
1158405
1166320
1174574
1184840
1202864
1210047
1215323
1220469
1225066
1231204
1240137
1255784
1262445
1268557
1274434
1282323
1288670
1298309
1306459
1312676
1318631
1327434
1334878
1341069
1349480
1356324
1364030
1369985
1376228
1382445
1392867
1399058
1404543
1413398
1418753
1425597