11964
20218
28289
41559
61960
73767
91216
103310
122666
133532
147429
157564
168822
182510
191757
207404
217853
232141
243373
252463
262650
271270
300213
322913
367190
381557
421106
443571
460132
477085
492445
501065
516999
528780
543617
562999
574937
585307
592856
603200
612604
630889
642800
659022
682715
696716
708601
718344
730673
741043
750342
763168
771083
778292
786886
796081
803525
811649
819564
836674
853967
868282
880925
890720
900280
915169
925147
929587
935124
947270
962185
976343
987758
996038
1005076
1022708
1036004
1043370
1052068
1062647
1069621
1075603
1084092
1090648
1097048
1109691
1123405
1130170
1137536