11964
20845
36910
80586
102110
135390
190847
238128
279845
314274
341493
352124
359020
369860
375685
401285
423959
442270
464134
477848
507549
549580
578941
621050
641268
653467
669793
683951
693459
722507
731885
744005
763962
778172
793584
809884
829815
848623
889713
900057
910950
938509
968157
983308
995690
1015099
1031530
1055405
1066271
1094431
1106577
1126247
1147092
1171464
1187581
1208243
1224909
1234809
1246355
1259938
1276682
1290370
1301733
1317145
1329187
1346062
1353506
1377512
1403007
1424845
1434484
1484247
1497386
1524266
1544380
1569196