11964
16770
26043
47176
63502
98035
113395
149339
176401
196593
216158
236742
262054
282455
293139
313775
339166
359907
383652
394806
418917
457264
483438
495036
507235
540880
567133
586620
644037
681235
696725
715742
727340
746174
789746
820492
833344
866258
878822
894808
928532
943029
960583
989970
1013636
1028630
1050938
1089834
1110366
1128965
1159031
1176559
1195053
1209968
1217726
1236690
1273209
1290449
1311399
1328195
1350399
1377017
1396765
1407762
1444594
1463846
1489602
1553784
1575361
1589023
1604905
1615745
1624391
1634343
1659943
1677157
1693770
1716522
1761530
1775113
1793764
1805858
1842011
1867036
1886862
1912331