11964
16248
21289
32103
44432
58590
67523
79461
92652
110467
125800
146698
159628
182589
191575
205106
216181
232403
242799
261842
280702
293580
317116
373357
398460
411495
428135
436781
449999
469590
484688
497984
537716
566816
578179
599834
615272
629090
645390
658477
674986
687159
699828
716232
727621
746507
765445
780151
799011
815572
826804
847571
859378
879492
894329
909088
918518
930064
948088
962586
976979
995734
1010649
1035778
1050902
1065060
1080498
1093062
1105182
1114115
1123937
1151261
1165105
1175919
1185375
1192976
1202275
1215414
1227508
1238427
1254387
1266115
1277399
1289415
1307544
1325255
1341477
1358090
1370707
1381182