11964
15568
20740
26304
31345
37039
43177
51588
57413
65955
72407
81027
87165
95811
106390
117805
126242
133504
142411
149620
156098
164718
171666
180469
189298
198675
203742
211892
222053
232893
242767
249114
258335
283308
293417
308959
317866
329621
338502
354227
364022
376142
385415
394192
401558
411458
419294
428463
434549
443509
449308
458398
466731
475482
490345
500036
515187
524303
532218
541282
549379
557999
564764
573515
580333
588979
595379
603999
612149
620795
626620
634953
642136
650181
661178
669171
678940
687142
695448