11964
14680
18180
21210
24684
27975
34662
39468
45450
51954
56760
62271
67025
71361
76063
80399
85466
90821
98239
104194
109888
115478
118455
123052
129661
135277
140893
148703
152804
157427
161841
167431
171192
176390
179890
190574
194414
197287
200970
205280
209851
216773
220952
225836
230694
237146
244643
256842
262510
268256
275126
286254
292993
297407
302344
306680
311016
316762
321359
329665
338050
348812
356544
361846
370126
380078
384257
388227
394574
403742
412754
418892
428661
436393
441539
448983
455278
460685
465543
472047
478029
484507
491116
496758
503837
511726
520790
528757
536384
543175
550489
555504
565953
569793
573476
579014
583977