6504
17736
47306
79175
112716
138420
156078
175408
183506
203202
222689
242072
272426
295518
309781
354346
372422
387155
418711
439243
461081
488248
553919
588400
651198
679619
753179
789959
815663
830814
848681
879610
893298
903276
921091
954579
972185
991411
1010167
1027878
1038431
1054731
1066486
1077144
1088585
1110371
1129074
1142448
1149083
1171600
1182728
1199185
1212142
1226666
1248138
1264177
1269140
1294322
1308219
1335334
1354037
1394056
1417043
1422319
1437156
1447605
1473675
1488147
1511134
1519179
1535270
1579312
1594201
1617032
1641064
1662223
1679202
1693412
1713212
1719638
1731236
1747275
1755477
1780136
1797063
1807303
1814356
1835463
1871041
1889640
1934309
1945228
1962730
1993032
2022184
2033155
2041148
2051179
2079130
2096161
2108856
2122230
2140359
2152427
2182885
2192289
2206604
2234450
2260938
2274678