6504
30275
46366
55561
73794
94222
111933
140929
155191
176559
185754
196255
224728
240610
247297
268613
286324
299489
319446
333917
347918
360091
368815
396923
407110
419648
430671
441276
454285
466249
483699
498588
506477
527479
541637
552503
564467
574393
580923
598999
612373
621881
632121
639174
659602
671461
690896
709913
718167
728981
733526
758238
767903
784203
797786
812362
823490
846269
867010
891095
921135
938950
957392
976618
998613
1009166
1022175
1042603
1058015
1085287
1106185
1127500
1139098
1154719
1165272
1175825
1189304
1201215
1215164
1228120
1244577
1255026
1272057
1282767
1292223
1305127
1318867
1327853
1348751
1365103
1372992
1389762
1402927
1426332
1444722
1462433
1475389
1506579
1527947
1550203
1565615
1587139
1606887
1617545
1633897
1644973
1658817
1676789
1685775
1696224
1715868
1739012