2552
9354
14818
24587
34851
43210
53153
64007
73983
83523
96399
104007
109547
124708
137468
143635
154013
171754
176981
195456
218714
228487
251133
271165
281718
310184
339998
359800
372041
387026
408490
426569
435077
455739
466653
481156
496245
505086
517647
528416
540744
555353
562314
568122
577768
585328
593072
603537
619250
637859
647631
657964
664498
670285
692854
703208
709136
725073
743033
762883
782263
832171
851938
865144
876180
884796
894003
908847
923608
937512
949905
966533
974520
984604
1013232
1029740
1049166
1056011
1064428
1083094
1099031
1112614
1122766
1148610
1162345
1208638
1220970
1251593
1260673
1285194
1312037
1340661
1352599
1378862
1395327
1404400
1425570
1439978
1457212
1466675
1475555
1498870
1556705
1566185
1577394
1597164
1610836
1624430
1640668
1669059
1683461
1697952
1710160
1735426
1758953
1769409
1779800
1789262
1809327
1819280
1842561
1857978
1868795
1890509
1908037
1934871
1959417
1971262
1986786
2003716
2017060
2023573
2041706
2066213
2078229
2089638
2120968
2136125
2143466
2156426
2181292
2195185
2214180
2252887
2283085
2308254
2322155
2327480
2342278
2356394
2383799
2401984
2407132
2416069
2426410
2438328
2450505
2460276
2477829
2498970
2512879
2524277
2530793
2537801
2573512
2595989
2604947
2624279
2637140
2645574
2662318
2676491
2688265
2705321
2730144
2740763
2753023
2800830
2830836
2837993
2855086
2866028
2878269
2888665
2914191
2946181
2960667
3014308
3030457
3049880
3059979
3082584
3087330
3098891
3116468
3127837
3177567
3203636
3225219
3233499
3250396
3260982
3268980
3288854
3300128
3310260
3320109
3330730
3344169
3353729
3366529
3381943
3400193
3439689
3466402
3486132
3503853
3554503
3571561
3594256
3614987
3651387
3674595
3690832
3702637
3716637
3729892
3735501
3771446
3810271
3833394
3871476
3906711
3959229
3981347
4018821
4042027
4069195
4076140
4087193
4108335
4114678
4122565
4144193
4151090
4164330
4206661
4238119
4263225
4309084
4328798
4355894
4365429
4408346
4425318
4462576
4482101
4506637
4537575
4586704
4620494
4643454
4668871
4680673
4716006
4741753
4773926
4795849
4808370
4822752
4833975
4850585
4872126
4895580
4912311
4945654
4953770
4969880
4978805
4990792
5001758
5013804
5117174
5142316
5163554
5185313
5221518