2740
8508
12780
21337
35167
41411
50118
89184
99225
108341
120448
132271
141152
163175
187345
209731
218528
226792
240870
261892
284714
303245
312639
325599
337788
347159
368700
386597
406394
419543
439966
450816
459300
467259
473095
485567
532599
560391
570788
589630
600681
617144
628046
635312
650651
669864
675355
690930
696246
730843
744762
754280
769814
777352
782671
804441
815134
823916
828881
839147
843681
869713
880086
887115
909813
922885
938176
952518
963332
974806
981389
990174
1005117
1026900
1035821
1062917
1069642
1092944
1113192
1134195
1145966
1172573
1178427
1190873
1213266
1222599
1239876
1249658
1255802
1263550
1278603
1295435
1309374
1328381
1336065
1344407
1352964
1372449
1380554
1396200
1407551
1421101
1430499
1463624
1476344
1488819
1502700
1510470
1518471
1524956
1543104
1552314
1582177
1595546
1607931
1614773
1628241
1645820
1668063
1689268
1706771
1715082
1725997
1734233
1744640
1757351
1768774
1776499
1783832
1797109
1806881
1810994
1815526
1824718
1836676
1852461
1869392
1877735
1883358
1889840
1907811
1913160
1922534
1934272
1952841
1969280
1984096
1999721
2007940
2018226
2023077
2037891
2071149
2089026
2141964
2156478
2183451
2192554
2197705
2218843
2231411
2243767
2254068
2260132
2278854
2293912
2300730
2323818
2337977
2349189
2365151
2373749
2385429
2399619
2412102
2422987
2439529
2448819
2462930
2489456
2511737
2529685
2538742
2562829
2573434
2595440
2615088
2632688
2651172
2658410
2667798
2685955
2695102
2713628
2723973
2765426
2770416
2777062
2794752
2818048
2829096