7042
31545
44666
64095
78780
91952
123332
141478
152338
164261
175313
229405
289043
303200
316231
335631
347533
364374
383493
416649
432181
441245
457004
506818
542577
597704
608226
618473
625647
644736
655712
667448
688969
705491
741409
758817
786345
799224
815108
826692
837590
846892
861423
903889
913406
922766
953161
983281
996488
1006601
1013724
1029144
1038432
1044887
1058755
1067321
1084831
1109032
1128244
1149793
1170252
1181086
1194855
1207139
1226115
1241915
1261067
1266134
1270034
1295642
1300674
1308808
1321106
1336200
1351983
1377672
1395026
1430343
1460111
1474061
1482770
1501438
1510645
1532532
1548788
1565818
1577767
1591297
1608250
1637170
1673650
1704342
1754583
1771231
1803709
1832097
1839935
1867486
1879224
1888035
1911986
1929437
1984998
2002732
2019716
2033487
2039388
2049562
2063760
2078413
2088570
2097922
2116389
2143810
2163168
2179657
2193685
2202788
2210200
2234016
2240490
2247120
2266821
2281074
2294410
2308111
2316078
2352813
2377957
2398181
2407300
2428379
2434900
2443787
2454955
2483851
2507338
2521249
2526369
2541401
2566442
2594424
2610199
2622841
2638652
2646687
2662722
2673497
2683877
2694381
2712814
2722198
2736803
2767474
2783616
2802891
2808499
2833563
2841147
2851570
2862842
2874611
2898478
2921968
2932805
2944940
2957344
2965119
2973305
2982716
3000576
3038999
3055239
3077122
3086983
3099410
3136557