2973
22041
63724
112471
136104
173121
225676
240815
262248
269945
277600
297482
337364
363258
384558
403024
416600
448144
475845
501095
517661
529573
543567
560610
573651
583252
596077
615893
629559
643071
650881
670462
713884
748566
759951
771288
789669
803601
816187
827509
845303
895963
923984
937047
975570
1002199
1023046
1037819
1080702
1108502
1119585
1139283
1163451
1177586
1213542
1225063
1234717
1255355
1267401
1282416
1304546
1317004
1326942
1337745
1377551
1388248
1407810
1424131
1446446
1464872
1482128
1497346
1524390
1542638
1549678
1571136
1581562
1606134
1618363
1625803
1639781
1654953
1681616
1699007
1710985
1725798
1734807
1747651
1757916
1797128
1811238
1829174
1840600
1861888
1881650
1922268
1938549
1959182
1966557
1974599
1986719
2005424
2012162
2031691
2052739
2069726
2110599
2132745
2149546
2160170
2214953
2225608
2242644
2254189
2274691
2288782
2318333
2339509
2349915
2369188
2378977