2956
14858
27000
35460
43563
54711
80636
92909
103058
110657
120257
128513
146666
152678
169064
175017
182120
194552
200048
230190
243686
253511
264599
273191
280928
305797
314419
325709
336260
343500
356589
380588
391772
404691
423387
447763
458822
472210
493521
509073
519873
530817
543239
554832
571296
578360
597167
606198
618294
625699
644263
660206
681573
695925
723611
730066
743897
760154
770634
794185
814249
828687
839001
853584
861923
884030
890792
896843
915581
925164
965653
993820
1000060
1020211
1032323
1041171
1053611
1069755
1086218
1095889
1122169
1140249
1152833
1166000
1185320
1191873
1200240
1212287
1224247
1240694
1255255
1291846
1311342
1347788
1376372
1390131
1400674
1412940
1426407
1474345
1488520
1501432
1512600
1520045
1533744
1542944
1550751
1562064
1584767
1604767
1615590
1638398
1657774
1668741
1690300
1699933
1711883
1719755
1727749
1753620
1763763
1782380
1802290
1814977
1837938
1859592
1867608
1875072
1906115
1913280
1941559
1948543
1956470
1970823
1976615
1990771
2016824
2036507
2060108
2079596
2096459
2123971
2137703
2157790
2191234
2220521
2244233
2253712
2280715
2288041
2317633
2349248
2373857
2388831
2405246
2413479
2429767
2457382
2487422
2502237
2515598
2528173
2535225
2541132
2561827
2585060