7545
17070
27785
40484
51433
61735
68937
77202
86893
99650
109035
123594
135356
144300
148900
152588
159549
174433
187201
200380
219071
224616
251231
261134
270647
276900
296150
323401
341666
353628
371300
383538
403772
424100
434761
450032
462003
498202
534666
545600
565233
575412
589578
621395
643092
652262
668578
679970
693278
706423
723159
742243
751814
779868
805203
812458
823743
851531
867557
881427
887599
895208
903299
917439
930021
941414
953070
961205
966997
991778
1005799
1030485
1042852
1069223
1093422
1111190
1118279
1129509
1135616
1147754
1157103
1167617
1178822
1185384
1194551
1223261
1242526
1259396
1276005
1305077
1314240
1320078
1330407
1344769
1357535
1374435
1389605
1397460
1404599
1411975
1425928
1444942
1454428
1468141
1474547
1487783
1495521
1500219
1505855
1511824
1517059
1523143
1526471
1535265
1539380
1546736
1558555
1565851
1570148
1574365
1577096
1580554
1582930
1597127
1605674
1610152
1624907
1645281
1659453
1676906
1685576
1705340
1713227
1726133
1743468
1751207
1761294
1784689
1802595
1810301
1817469
1837752
1856718
1890041
1901201
1917065
1962336
1976052
1992456
2005003
2034971
2042703
2054391
2065228
2078696
2111955
2135899
2176665
2200497
2207936
2241264
2259473
2274543
2297521
2313552
2329110
2340533
2357400
2371285
2402257
2413588
2430096
2454332
2468521
2475800
2487287
2511812
2521115
2529851
2557295
2570723
2578047
2585373
2589368
2598259
2618573
2628483
2659527
2679895
2704423
2716926
2722670
2729391
2743655
2756089
2777648
2785498
2794709
2804469
2809679
2819742
2829931
2835990
2857226
2864741
2879857
2893515