0
8379
18579
43826
61487
82729
97922
116152
130401
141721
149792
161056
175536
195912
206676
217375
235568
250294
269014
288286
304589
313621
320196
339767
375012
392643
408755
418011
441374
461426
481497
499785
511192
522465
547560
564403
597654
630934
651250
664445
702017
715897
736059
745363
758484
772112
788076
803762
831834
843858
856721
866928
885536
897489
915415
932175
941920
949896
961054
976224
998862
1018578
1027846
1042300
1055997
1068900
1084333
1102395
1117164
1148363
1171779
1196394
1216313
1227617
1262568
1273256
1281144
1292046
1300792
1316687
1334919
1356430
1365054
1385303
1398550
1415029
1428919
1437196
1451661
1461407
1475587
1494770
1509979
1526659
1551692
1568994
1580258
1593570
1609457
1633321
1656104
1674504
1688400
1701624
1713270
1728320
1740565
1761772
1778837
1800444
1813158
1844908
1867524
1884701
1902803
1916506
1929227
1949033
1972036
1978408
2018020
2033362
2056687
2069727
2086471
2096199
2109590
2125883
2138831
2150324