2441
9984
30828
50451
72959
91038
102335
114010
119875
132901
144910
159813
180267
195378
205695
232425
244908
253861
276981
289701
303400
320998
353549
373999
413391
423838
437128
459833
477704
485988
499954
523585
531502
538622
551523
570428
582975
596916
608214
624245
632793
645547
654591
662997
671051
685782
699400
708311
713586
730589
739019
750026
761121
771121
785556
796178
800371
814059
821895
837063
852395
878212
884772
888617
898028
907539
924338
935200
951483
957594
969300
999523
1009972
1026102
1044448
1058940
1067069
1076979
1091807
1097454
1105621
1116762
1122614
1139618
1149866
1158091
1162624
1176265
1200390
1211274
1235252
1241482
1254614
1279250
1295780
1303778
1309609
1316097
1331741
1344058
1353218
1362256
1374279
1383777
1402300
1409035
1419600
1438091
1455805
1464966