2806
15478
23222
43595
49609
66706
82802
108422
127876
138631
153638
164962
186764
201061
213179
223735
237996
269526
288573
298352
315818
324739
329947
341797
354268
361620
369563
390036
406082
423930
431266
456177
466817
475411
487666
499093
510190
519726
533555
542969
563890
572546
588880
604572
621205
631638
646367
658087
672817
690729
701738
710921
725283
735996
749870
755926
771695
787085
800223
809487
824421
844699
862317
878964
892518
901783
917461
923839
933693
947294
960043
971964
983273
994605
1003717
1009100
1022981
1034350
1056644
1064976
1071379
1093738
1106096
1113414
1134340
1150037
1159589
1176108
1201988
1218117
1225565
1240549
1253515
1268795
1286246
1295524
1301702
1310364
1318306
1326103
1335236
1354524
1363927
1376463
1381392
1389073
1396475
1408601
1426959
1446541
1461174
1470440
1479691
1493197
1505163
1510582
1531334
1538138
1546810
1560163
1576420
1583710
1588475
1604782