5946
14769
22294
37738
49279
62722
90695
99065
110295
122009
138376
147213
154359
164877
172788
187759
194388
210063
227867
244530
253079
280236
288990
317993
336596
354448
368298
375947
388599
397695
412253
441051
457513
470614
478079
485957
506529
528453
550022
558533
589895
604893
619904
640186
646816
655894
674097
684124
696767
704493
725478
745372
754481
767833
779049
784747
798438
804890
812874
825401
831288
836683
850716
862295
875800
896458
913534
934450
960185
971523
983790
988169
996732
1004703
1020218
1048760
1049119
1065341
1076744
1086636
1116175
1128945
1137810
1152168
1160532
1168254
1187680
1201701
1222026
1228913
1245009
1251877
1259453
1272123
1281733
1286671
1300785
1308133
1315193
1325836
1361096
1384096
1395478
1400154
1406415
1414935
1420384
1430681
1456050
1477142
1495371
1515710