2680
12051
17504
24191
30840
36261
43565
50965
59029
65018
70373
76766
81157
86631
94688
103680
111724
116007
121328
130573
136386
146287
160629
165561
171796
177246
183854
192262
202749
209087
214529
219457
224800
232527
236207
240452
245284
248709
251531
259827
263267
266976
274831
279434
287386
292123
295589
302932
308748
314369
318374
321896
328557
333664
339784
346005
353241
357147
361977
366929
372796
377757
381411
385884
390143
400365
408739
412990
418038
420715
424179
429875
434621
437790
445604
450114
453425
458251
462740
468102
472317
477250
482034
485468
491245
502292
505910
511926
522800
526600
530163
533493
537932
540705
544928
548610
554520
559894
564521
569872