6250
15065
29900
36079
42224
49584
54840
65496
72720
82296
91854
105230
118294
127142
143388
151309
156532
161679
168781
173122
179821
186403
196556
206116
212964
225572
238972
256754
273721
283107
298874
312378
326858
344105
351362
380296
399016
408042
420327
430096
437855
450263
455120
465541
476602
486719
491870
498182
509813
522445
529581
539333
548580
558468
566836
573044
584683
591292
599236
614443
623938
645898
661483
678226
691480
705602
722475
735330
744590
764641
782468
800590
820246
830646
839302
863102
885285
899030
913469
928172
952604
974003
979692
986507
996196
1003410
1022027
1030754
1040650
1063154
1081047
1095247
1122095
1138902
1156173
1167396
1180268
1195148
1201309
1208908
1216748
1229722
1242403
1257691
1267171
1276838
1294683
1304457
1315353
1320362
1332996
1345153
1364969
1373425
1383680
1399168
1414844
1420447
1432191
1447111
1455425
1462030
1469582
1477967
1490574
1506326
1516543
1526510
1533782