2702
20215
31414
38186
49881
65261
75850
97245
106989
122495
130182
141813
166205
179139
184571
201294
215120
224797
239508
249858
262931
272596
280632
301539
310554
321283
328376
337539
348204
360594
370945
381870
388935
405256
417119
427497
438470
447035
452205
464792
475829
483245
491015
496978
514408
524320
539137
552532
559504
567807
571285
589576
597325
611517
621712
633782
642459
658375
671101
688664
711345
721911
733974
743791
759321
766170
775466
788432
798564
816501
830856
844545
852246
862603
869151
877509
887518
895582
905153
914591
925476
933117
944308
953367
960948
969520
978912
985209
1001058
1011819
1018012
1026844
1036726
1057004
1067615
1078687
1088960
1113481
1130147
1146116
1158757
1177751
1191507
1198907
1210868
1219580
1228364
1240603
1248203
1254993
1269660
1283813