2606
10592
25908
28623
33316
46839
55200
63171
68877
76060
90988
96324
104431
113828
127516
142107
155874
183754
204545
237592
247844
275517
305800
311566
323619
336347
351054
361100
382893
409900
418550
445201
457585
466598
476158
485038
496192
510587
516250
529741
545246
551891
566141
573884
582927
604097
615665
624204
635604
661047
681875
692504
706814
715587
726849
745758
760509
781863
795770
803045
810881
819112
828788
842232
849480
859139
866296
870577
874902
882046
889571
900757
905678
912033
924972
930429
939870
963211
971830
987134
995824
1003490
1034112
1040779
1047695
1049646
1065884
1075741
1085729
1088015
1096944
1101079
1103395
1112042
1124635
1134267
1148674
1153998
1166585
1174837
1179923
1188803
1201026
1205482
1213530
1226320
1235080
1242963
1247381
1259933
1283519