7019
14955
19023
23411
34266
44786
50418
59553
69444
78177
87666
96264
102638
108010
113624
120720
128001
137280
143808
150145
157856
170072
174809
185934
193207
200031
216267
223742
231126
237870
244239
252606
258326
264605
270270
281557
288692
296645
305100
313235
320268
326940
335643
345851
353779
362420
372884
380443
391722
402218
409882
417444
423458
428571
436674
443913
450610
453673
480961
489721
500104
508992
519196
525328
536647
546227
551935
558991
567447
575159
580575
587695
595011
609061
615804
633189
644533
651766
656815
662484
666580
672429
678620
685652
690621
694764
699515
707156
710343
713184
721044
724112
728939
735845
739141
743675
751204
760091
769763