2527
4406
8424
11638
16865
19676
25890
31203
37319
39974
51413
54530
60846
64035
71100
78442
84800
87911
98577
100815
104812
110841
119166
122056
125406
127467
129023
131270
133287
136105
137149
138481
140628
142807
144550
147509
150881
154469
158142
174219
197500
199742
205086
208572
214031
220495
225076
239976
246297
249200
254506
257431
263978
278203
284387
291166
296212
301477
312998
318324
322652
332117
336568
347024
353472
360289
368569
372134
375920
385266
391554
413764
426891
439738
452410
460032
472945
483982
490005
493587
507212
517989
526527
530280
536213
542467
561854
578793
587380
596380
609949
616741
621677
625245
639438
642894
653463
674760
684093
694364
699985
705594
711816
716578
724851
730716
733328
737351
747631
755816
762525
769937
778744
790258
801377
808079
815939
825491
829842
834099
842868
877681
882550
896127
906321
911943
919128
928601
940266
947391
962635
976430
986025
995153
1011551
1022399