2515
8999
17302
30897
38314
49472
56249
65991
72838
81700
88945
98034
103614
111194
116130
122867
129795
138755
149947
160044
164645
170113
180271
185227
200034
209598
216990
222016
231903
243917
258515
267978
275766
284491
291563
302547
318132
324849
330201
340186
348938
359195
368282
379605
395669
405572
415101
430030
438467
445211
453652
460931
468701
473866
481269
486246
495680
502735
509204
515555
521186
527444
533381
540848
547510
555333
563014
570519
576907
583278
588075
594578
602240
616320
630511
635922
644218
656205
666138
679387
687403
698509
707944
715729
732014
737379
744207
759317
766616
774538
789497
799352
806884
813202
824824
831189
838686
857094
865446
873695
878911
887182
893981
904522
933691
942107
946511
951033
960709
971242
976748
982372
990888