2847
10228
29268
38187
47753
107250
117025
127543
135913
147072
154088
172128
181024
188488
201880
220526
230320
247470
276778
288797
292806
296236
304500
321317
326867
352236
365363
374971
390498
398555
413925
431724
439722
447554
464089
477753
500255
515521
524127
531769
562703
575623
582282
585487
594462
607726
624294
635229
643653
649055
655660
662973
681208
693788
708141
720517
730036
741420
754259
761266
772443
782546
792797
803911
811923
828530
836418
848322
853653
861976
873297
884407
907601
927768
934690
944095
950519
960390
994614