2791
5515
9718
13583
17503
21609
29857
37353
42561
47409
51185
56746
63230
69098
88900
94509
99653
108214
122189
137633
146534
159716
164440
176129
198093
205070
208956
234625
244561
252232
258359
263479
274223
294587
301540
310009
313641
320552
327578
331824
336836
345343
350551
355767
373532
381171
387147
393764
399197
404619
414389
423725
431799
439499
443134
449123
453518
459089
463418
467684
475760
483674
493114
502155
508200
513667
521368
525420
533260
537781
546485
560389
567322
572265
578731
586416
594329
604136
612151
617001
624816
628443
635591
645241
651473
655876
660877
665092
674814
679950
685477
701701
708408
712977
717023
722567
728841
733462
737104
744145
759610
768057
774395
783586
788628
795443
804204
810069
814150
825919
834014
843086
847035
854712
861078
869048
876017
889042
895171