2815
9536
22794
39050
50810
58274
66762
79000
91961
99808
111900
118193
125464
132416
138839
148327
157850
169286
187783
200390
219601
238952
250088
259297
266821
276709
285081
293613
299092
309201
318051
328347
342308
349475
359899
367539
375979
388922
396020
402746
414749
423473
436593
444081
455384
466953
472026
480824
493040
502575
510799
516287
524435
538417
548702
559221
564525
574126
584045
597158
607918
617645
627484
637796
643340
654173
660748
669169
685868
691948
706535
713931
720751
729346
741995
751497
757950
767762