2744
10144
13495
19000
28230
36399
44199
51711
57942
62350
67622
70910
75614
82204
87758
94013
99710
105021
111797
117614
124318
132885
142313
146451
153596
157435
163164
169531
176539
183212
187124
191980
196699
203107
208556
215476
221595
225219
229866
235244
240930
251106
255956
261578
271281
276950
279875
283613
286129
305225
311673
320969
327642
332224
337448
341641
344960
349856
353519
359168
362008
377231
382062
393963
398000
402446
405358
411638
416606
420553
424734
429927
433828
437334
443310
447822
452789
457470
460900
464311
467727
471229
478485
483341
487524
492148
499230
502452
507256
512452
516268
519771
523910
529476
532916
535827
539844
544627
548443
551666
554308
556856
562619
569300
574927
578739
583233
586690
589746
596596
599690
603962
608066
613362
616507
619897
626154
629817
636817
641882
645649
651913
656321
659304
663608
666890
669745
676449
681121
685496
689536
692513
696642
699582
702360
707016
713705
717305
720385
729215
734658
737388
741779
744616
747931
754575
758095
760958
764727
768895
771658
774250
778979
784055
791366
797398
803790
806450
815237
820551
823323
827023
829870
832582
839181
842101
849267
855044
858821
863522
866723
869981
873309
880501
886773
892251
895640
898943
901723
904852
911764
915764
919020
926084
930635
934858
941819
949114
954003
961946
968419
973915
978073
980598
984000
987200
990554
998321
1002066
1006649
1010532
1015306
1020257
1023609
1026953
1030457
1034793
1039105
1043880
1046969
1049985
1053977
1058433
1064448
1067944
1072416
1078857
1081643
1084588
1087656
1091096
1096071
1099471
1103591
1108632
1113352
1117614
1136239