2950
10714
13928
21840
30125
38329
43465
56955
67076
71350
88210
96870
110949
119213
130493
142288
158752
166343
181280
200681
209194
219028
229220
238608
256133
266977
273846
279117
291657
298407
305158
309448
318990
328377
339834
348077
363783
378145
386147
397227
423813
431917
444249
453276
477361
486264
496249
507271
513914
528867
534279
542399
551598
556759
563553
573488
585408
592233
600884
612552
638809
655171
669534
685231
701328
710887
718707
727427
738187
744327
750462
755946
762099
769118
775555
783747
792969
797726
803954
809125
817204
830035
843340
851800
862989
868950
880630
893441
909214
919113
930111
941337
952585
964499