2887
9817
13009
19569
39800
49226
57982
75257
88156
100546
112442
119934
131715
145791
155454
184150
193610
200600
214961
237314
251781
260722
272674
295916
306558
328766
337248
360005
372361
393698
412053
429243
448973
456423
467872
483591
499839
513337
532530
541813
550516
558604
567898
581969
590671
606840
625799
646284
666198
675500
695124
700700
707675
719192
735036
746490
757507
779135
793408
808368
821677
834887
842788
859040
869806
875433
883752
891837
903626
908488
917871
931269
946516
956354
964417
980816
1003346
1023396
1044669
1061099
1074168
1087961
1111257
1122761
1138014
1153090
1164740
1176647
1191174