2979
7270
9603
11811
14482
19954
25878
29842
36387
40226
45858
55585
58013
60993
64957
69160
75355
79329
82383
88753
92785
97977
103147
108033
111809
114463
117964
123775
128711
131844
139248
145816
150255
155079
158836
165391
171583
176503
180958
185272
188519
193318
196247
198743
201686
206271
211270
216167
219741
225194
230700
235686
239526
245909
249089
254085
257465
261885
264492
269221
272764
276781
281731
286048
290828
295349
300667
305019
308907
315100
318692
322531
325754
330504
334739
339351
343500
347356
350050
353755
357271
360707
363786
367803
372267
376470
381073
384922
387702
390170
392721
397722
400769
404210
406986
410370
414106
419089
425298
429862
432714
435912
454880
458929
462037
467912
472704
475560
478620
481268
484008
487520
492312
501336
505683
510239
513888
517074
520536
523868
527159
530529
535490
538755
542146
546732
552519
555949
559282
562008
564670
568014
571365
575157
578894
582025
585270
590398
594046
597306
600254
603646
606813
610908
615182
620005
624617
628921
632540
637244
643025
647082
651725
654659
657157
659189
662553
668955
677853
681307
684668
687543
690761
693676
698372
703264
706457
709295
713527
717099
720538
725115
728431
732387
735249
738612
741730
747938
750871
754011
758205
761241
765806