2804
7847
12495
19321
28353
35081
43818
50465
59772
66011
73431
78720
84976
92370
97491
110939
116652
124804
131299
135664
141637
146487
165464
177104
206768
216385
243861
257228
268018
281301
288006
292971
301196
307068
315349
325868
333050
338330
342195
348458
355254
363967
369441
377783
389156
396567
402119
408974
415433
420757
425847
432746
437106
441382
446298
451132
455187
460007
464099
473154
482231
490543
497500
502919
509919
517291
522957
525490
528468
534399
541973
549814
556134
560570
565050
574632
581738
585399
589955
594453
597960
600911
605893
609534
612818
620117
626252
629960
635849