2812
6308
8732
14460
20171
27011
31235
37171
43027
51923
59531
70810
78640
92874
98242
105400
111468
120497
126553
137768
148082
154880
165072
184840
196945
204983
215014
219912
227599
238176
247149
255142
278109
298260
303688
317166
325021
332541
341790
349459
357628
364267
371340
378260
383956
394010
404444
412162
424778
433721
439706
456090
462546
472097
479665
486617
491472
497848
507791
517583
525575
535142
541631
556237
564245
572623
580141
592405
598661
603625
608880
622692
629643
635580
641173
645635
650995
658844
665660
670107
680429
686354
692851
699963
707947
718890
728211
736423
742800
749202