2842
4462
6414
8651
10811
13826
16828
21227
23969
28725
32012
36550
39597
44852
50152
55883
60483
64295
69004
72006
75340
80191
83926
88799
93735
98592
100873
106354
113020
119382
124076
127425
132152
146176
150672
158076
162576
168852
173274
181825
186159
192817
197569
203200
208172
214326
218622
223351
225625
230053
232970
237774
242566
247351
256608
261616
271316
275996
280801
285512
290203
296310
299974
304490
308451
313088
316483
320715
325252
329466
332429
337509
341756
346604
353690
358546
364139
368960
374463