2802
5409
8362
10617
13666
16570
21523
25100
29778
34524
37866
42043
45186
48152
51517
54223
58102
62525
68176
72936
77037
80957
82700
85942
91104
96711
101222
106293
108814
111521
113853
117050
119521
123062
126283
132940
136013
137887
140412
143513
146572
150764
153236
156330
159205
163398
167729
176773
180823
184151
189293
196141
200380
203148
206881
210188
215410
219954
222967
228162
233724
240556
246445
249609
254577
260865
263245
265806
270470
276680
283071
287145
293488
299025
302769
306781
311400
315008
317769
321265
325209
329575
334377
337930
342363
347940
352100
356952
361623
366236
371409
375020
382583
384987
387295
391672
396435